Running train Losses and accuracies 
[6.492778744887222, 5.607263324612921, 4.936053328893402, 4.36350439759818, 3.918594751168381, 3.55612693794749, 3.285124259577556, 3.0578708591108974, 2.8617244450883432, 2.6882616427134383, 2.5452297624539244, 2.4018350424752994, 2.2762405797839165, 2.1676277802749113, 2.0630642653188924, 1.9584011821584268, 1.8713023452596231, 1.7732626728036187, 1.7046584016220137, 1.6307773570614783, 1.554500213739547, 1.4755909695205363, 1.426721820184453, 1.3541461790657856, 1.2952357478947802, 1.2529164219952442, 1.2029094074598767, 1.146832756359469, 1.1066377750513228, 1.0725309652361004]
[6.492778744887222, 5.607263324612921, 4.936053328893402, 4.36350439759818, 3.918594751168381, 3.55612693794749, 3.285124259577556, 3.0578708591108974, 2.8617244450883432, 2.6882616427134383, 2.5452297624539244, 2.4018350424752994, 2.2762405797839165, 2.1676277802749113, 2.0630642653188924, 1.9584011821584268, 1.8713023452596231, 1.7732626728036187, 1.7046584016220137, 1.6307773570614783, 1.554500213739547, 1.4755909695205363, 1.426721820184453, 1.3541461790657856, 1.2952357478947802, 1.2529164219952442, 1.2029094074598767, 1.146832756359469, 1.1066377750513228, 1.0725309652361004]
Losses train valid test
[3.710952038114721, 3.2591329667378557, 2.818535730242729, 2.467119485647841, 2.068349609574811, 1.80641679990698, 1.6215167319910093, 1.5439783798700029, 1.3894041306762532, 1.2628921822390773, 1.1678161040287127, 1.0916523324664344, 0.9732908146794547, 0.9481726035645063, 1.0000366305255077, 0.8141258679415014, 0.7511901721696962, 0.6895948133685372, 0.5949804603587836, 0.6072668135166168, 0.5333436445587061, 0.5479397555305199, 0.4358993243553083, 0.3845511197366498, 0.42624019230292604, 0.3423565546346998, 0.3222379870712757, 0.25210690940730274, 0.2605617766014554, 0.3070873073937202]
[3.699314343778393, 3.2695646225651607, 2.8543525043922133, 2.554104732561715, 2.20464438124548, 1.970836657512037, 1.8248667188837557, 1.8099370334721818, 1.6812801195096365, 1.6044001307668565, 1.508709789831427, 1.4999285898631132, 1.456127193155168, 1.4526609695410426, 1.5532659397849553, 1.408544024334678, 1.3672859163223943, 1.4075644250157513, 1.3349597197544725, 1.3955171289323252, 1.3645165970053854, 1.4504490638081031, 1.389289424766468, 1.3579446729979938, 1.4346879154820986, 1.385613946975032, 1.4136189214790924, 1.400431731079198, 1.4326785931104347, 1.5264138707631751]
1.5149713640759706
Accuracies train valid test
[11.044444444444444, 19.70888888888889, 27.506666666666668, 35.12222222222222, 43.59111111111111, 49.84888888888889, 54.03111111111111, 56.27777777777778, 59.931111111111115, 63.35333333333333, 66.08222222222223, 67.71333333333334, 71.29777777777778, 71.60222222222222, 69.69555555555556, 75.04222222222222, 77.47111111111111, 78.77777777777777, 81.74666666666667, 81.10444444444444, 83.43555555555555, 82.72444444444444, 86.10222222222222, 87.87777777777778, 86.67333333333333, 89.13777777777777, 89.85111111111111, 91.86, 91.64444444444445, 89.90666666666667]
[11.08, 19.22, 27.2, 33.12, 40.62, 45.42, 49.18, 49.62, 53.18, 54.92, 57.78, 57.58, 59.04, 58.9, 58.0, 61.16, 61.46, 62.28, 63.52, 62.4, 63.46, 63.46, 64.36, 65.12, 64.2, 65.82, 65.62, 65.98, 65.48, 64.16]
64.72
