Running train Losses and accuracies 
[4.426768400452354, 3.97605734589425, 3.6633837250146, 3.397978655316613, 3.158957978541201, 2.91725055873394, 2.6876673088832335, 2.4358605203980748, 2.1922301043840973, 1.9054838744076816, 1.6041752398014069, 1.2613989649848505, 0.9962648437781767, 0.7406328817490827, 0.5913135601546277, 0.4750080474821681, 0.39622806410559197, 0.34725593676028604, 0.30122175201011653, 0.281161547342146, 0.26200662462294777, 0.24360215646976774, 0.2478568333687938, 0.23467560645870186, 0.2303012459094382, 0.22806870870673182, 0.23257691551804205, 0.2153349629793824, 0.2170726102353497, 0.206582814888944, 0.22189558812798085, 0.21368641557637602, 0.20416870684659277, 0.20497632754797285, 0.18827031794088808, 0.2033831629880958, 0.19215179527898066, 0.19086098547665065, 0.1861546195471998, 0.18873818837296727, 0.19703740655148233, 0.20460111704993655, 0.19306414931038904, 0.1836092779677446, 0.18593247633808377, 0.18731540930457413, 0.18627130606910214, 0.19439057666088708, 0.18412344680506398, 0.18469072701621123]
[4.426768400452354, 3.97605734589425, 3.6633837250146, 3.397978655316613, 3.158957978541201, 2.91725055873394, 2.6876673088832335, 2.4358605203980748, 2.1922301043840973, 1.9054838744076816, 1.6041752398014069, 1.2613989649848505, 0.9962648437781767, 0.7406328817490827, 0.5913135601546277, 0.4750080474821681, 0.39622806410559197, 0.34725593676028604, 0.30122175201011653, 0.281161547342146, 0.26200662462294777, 0.24360215646976774, 0.2478568333687938, 0.23467560645870186, 0.2303012459094382, 0.22806870870673182, 0.23257691551804205, 0.2153349629793824, 0.2170726102353497, 0.206582814888944, 0.22189558812798085, 0.21368641557637602, 0.20416870684659277, 0.20497632754797285, 0.18827031794088808, 0.2033831629880958, 0.19215179527898066, 0.19086098547665065, 0.1861546195471998, 0.18873818837296727, 0.19703740655148233, 0.20460111704993655, 0.19306414931038904, 0.1836092779677446, 0.18593247633808377, 0.18731540930457413, 0.18627130606910214, 0.19439057666088708, 0.18412344680506398, 0.18469072701621123]
Losses train valid test
[4.1087450737302955, 3.686803989112377, 3.3677230870181862, 3.127694150263613, 2.8395825292576444, 2.5426820374347945, 2.1507157067006286, 1.9272245588627728, 1.632989463819699, 1.2189413341270252, 0.8518991333178498, 0.4566967732865702, 0.30167697971178725, 0.21116383447819811, 0.14530795947013592, 0.10397414997516369, 0.11306211134334179, 0.05865143155890771, 0.04543107131559571, 0.048963351066711104, 0.04049799173001454, 0.03685466781660745, 0.03025516753735825, 0.03276560038053007, 0.052565915195207875, 0.040568992311653514, 0.031820696077457716, 0.036256774139474146, 0.028467262194846462, 0.028958488716770345, 0.040396423248404804, 0.02953705959358062, 0.03573862369309857, 0.023099953366909176, 0.024052244092507117, 0.02564230849053605, 0.02149390144536896, 0.01976128717367167, 0.023330344645232384, 0.0345057902311303, 0.03381851053431588, 0.02183579997985031, 0.024064149927818853, 0.016795817692003435, 0.023424007038226013, 0.021410756605539726, 0.034739669868775476, 0.02547155088739766, 0.027228119361097924, 0.02839267526591853]
[4.111925733089447, 3.7410938322544096, 3.466320413351059, 3.26724773645401, 3.0543147802352903, 2.8489133954048156, 2.6679511964321136, 2.5655224442481996, 2.50332248210907, 2.436473843455315, 2.343367326259613, 2.4503688246011732, 2.6387039721012115, 2.5423024147748947, 2.7286187648773192, 2.9496266931295394, 2.6627329289913177, 2.816218340396881, 2.963855540752411, 3.139922046661377, 3.0068246603012083, 2.944544422626495, 2.8756742238998414, 2.9916597843170165, 2.8448488473892213, 2.971238934993744, 2.9920131146907805, 3.053794854879379, 3.288176953792572, 3.2105324983596804, 2.9140385746955872, 3.056013149023056, 2.9559637010097504, 2.953847572207451, 3.04445595741272, 3.235705095529556, 3.177133822441101, 3.2310799181461336, 2.9634255826473237, 3.272187852859497, 3.2497570753097533, 3.1661733627319335, 3.046852308511734, 3.210973823070526, 2.959485685825348, 3.0920318961143494, 3.3023999452590944, 3.102109569311142, 2.9369624972343447, 3.350941401720047]
3.3567386307293856
Accuracies train valid test
[6.873333333333333, 13.088888888888889, 19.502222222222223, 24.88222222222222, 30.26222222222222, 36.1, 44.83777777777778, 49.35111111111111, 58.43555555555555, 69.13555555555556, 80.9, 89.4, 92.63111111111111, 95.85111111111111, 96.82444444444444, 97.47333333333333, 98.16222222222223, 98.92888888888889, 99.04888888888888, 98.78, 99.15333333333334, 99.27555555555556, 99.48, 99.31333333333333, 99.10444444444444, 99.32666666666667, 99.36222222222223, 99.36888888888889, 99.32, 99.36444444444444, 99.47555555555556, 99.39333333333333, 99.38888888888889, 99.60222222222222, 99.60222222222222, 99.44222222222223, 99.56666666666666, 99.63111111111111, 99.60666666666667, 99.26444444444445, 99.27111111111111, 99.53333333333333, 99.59555555555555, 99.71777777777778, 99.60222222222222, 99.60222222222222, 99.16444444444444, 99.51555555555555, 99.57111111111111, 99.35777777777778]
[6.78, 12.84, 18.06, 22.36, 26.26, 29.68, 33.74, 35.52, 37.24, 38.56, 40.84, 41.42, 40.24, 40.1, 40.82, 39.52, 39.66, 40.28, 40.78, 39.1, 39.54, 39.96, 39.64, 39.96, 38.68, 37.88, 38.4, 38.32, 38.76, 37.98, 36.64, 37.3, 37.72, 38.88, 37.64, 37.0, 38.12, 38.14, 37.74, 35.52, 35.86, 36.8, 36.46, 37.94, 36.88, 37.8, 35.86, 36.42, 36.56, 35.82]
35.66
