Running train Losses and accuracies 
[1.8520775698125362, 1.3723261455412616, 1.1015803918073124, 0.938029647720131, 0.8426724807782606, 0.7918259720318019, 0.7310310211455957, 0.6979032587683336, 0.6744114751080897, 0.6388976333493536, 0.6232930476015265, 0.5993049015841362, 0.5840860048139637, 0.5751598294697363, 0.5660466332284902, 0.5672293013300408, 0.5449448097920553, 0.5412447004663673, 0.5304347946816548, 0.5389359093863856, 0.519743311197751, 0.5161791295236484, 0.5144513813694093, 0.5084275417029858, 0.5130579590331763, 0.5097997592211786, 0.5043089664329521, 0.4989542533558878, 0.4912551862865009, 0.49133847655982454, 0.49351108067838306, 0.4878001041414047, 0.47994970210658555, 0.48749334968372504, 0.48292292216369376, 0.48491153336892073, 0.4808799447280101, 0.4789380594580011, 0.48990007056008006, 0.47196328032507817, 0.483345386963761, 0.4644344852263616, 0.480794835624031, 0.46614297350275924, 0.48181353038473224, 0.47480587667616253, 0.47463093526576733, 0.47416371680711483, 0.46909345948899334, 0.46478133453902876]
[1.8520775698125362, 1.3723261455412616, 1.1015803918073124, 0.938029647720131, 0.8426724807782606, 0.7918259720318019, 0.7310310211455957, 0.6979032587683336, 0.6744114751080897, 0.6388976333493536, 0.6232930476015265, 0.5993049015841362, 0.5840860048139637, 0.5751598294697363, 0.5660466332284902, 0.5672293013300408, 0.5449448097920553, 0.5412447004663673, 0.5304347946816548, 0.5389359093863856, 0.519743311197751, 0.5161791295236484, 0.5144513813694093, 0.5084275417029858, 0.5130579590331763, 0.5097997592211786, 0.5043089664329521, 0.4989542533558878, 0.4912551862865009, 0.49133847655982454, 0.49351108067838306, 0.4878001041414047, 0.47994970210658555, 0.48749334968372504, 0.48292292216369376, 0.48491153336892073, 0.4808799447280101, 0.4789380594580011, 0.48990007056008006, 0.47196328032507817, 0.483345386963761, 0.4644344852263616, 0.480794835624031, 0.46614297350275924, 0.48181353038473224, 0.47480587667616253, 0.47463093526576733, 0.47416371680711483, 0.46909345948899334, 0.46478133453902876]
Losses train valid test
[1.5570180665024302, 1.1872051767158238, 0.9201964931562543, 0.9284414140168916, 0.7769674620675769, 0.6695279392667792, 0.655262158209966, 0.6443523026325486, 0.6321395251222632, 0.543385081120174, 0.5446177944964306, 0.42239594567482447, 0.513735897817903, 0.6012902111450041, 0.5524410357783464, 0.45694385756823147, 0.45651172171346843, 0.4595832080918957, 0.4623446530577811, 0.53218674198301, 0.5034984091550789, 0.46595226624049246, 0.48000747424719686, 0.4112514700232582, 0.3802960339235142, 0.48158785175870766, 0.5079423658634451, 0.37158579424827953, 0.3451050893953917, 0.5292460652576252, 0.5374518918635492, 0.3813695438968187, 0.35193310131911526, 0.3309857877267694, 0.5167993206996471, 0.5122420645784587, 0.3795047593514689, 0.3829717537261207, 0.3688952548810365, 0.663124936378815, 0.3283997044623406, 0.38770352386530826, 0.3417326843323694, 0.7254918758672747, 0.3781635957050391, 0.3827751172304323, 0.396559948313304, 0.42719217924274167, 0.5489751488732343, 0.45502152209254826]
[1.5546050916744183, 1.1891917390159414, 0.9436547386495373, 0.9726224632202825, 0.8254222688795645, 0.7384053185770784, 0.7603967072842996, 0.7333142738553542, 0.7319944648048545, 0.6616271292861504, 0.6523464333407486, 0.5453468650768075, 0.6759837152837198, 0.7492059855898724, 0.743231946908975, 0.6183881921858727, 0.6333952108515969, 0.6070037612432166, 0.663981197755548, 0.6904933939251718, 0.6607301178612287, 0.6522514588093455, 0.6666013832333721, 0.6041350049685829, 0.637359366009507, 0.654998078376432, 0.6811196849315981, 0.6133971597669245, 0.5678267980678172, 0.7391027268729632, 0.7194299739372881, 0.6293615649772596, 0.558370865221265, 0.5736329031141498, 0.7397731176660031, 0.7187903606438939, 0.5956188662897183, 0.5659183290185807, 0.6019840730896479, 0.9353634500050847, 0.548230250047732, 0.6193761859513536, 0.6119411146338982, 0.9718788383127768, 0.585929094613353, 0.5851893645675876, 0.6188338172586658, 0.7070942034449759, 0.7665170551855353, 0.6592521984365922]
0.6886782439271356
Accuracies train valid test
[45.4, 57.471111111111114, 67.21777777777778, 67.6288888888889, 73.94, 78.00666666666666, 78.15777777777778, 78.44, 78.39333333333333, 81.60444444444444, 81.87555555555555, 86.21111111111111, 82.92888888888889, 79.52444444444444, 81.20666666666666, 84.69777777777777, 85.11111111111111, 85.24222222222222, 84.32888888888888, 83.65555555555555, 83.74444444444444, 84.67333333333333, 83.68666666666667, 86.0, 87.12444444444445, 85.72444444444444, 84.88888888888889, 87.36222222222223, 88.68888888888888, 82.11111111111111, 82.98444444444445, 87.33111111111111, 89.07555555555555, 89.14222222222222, 82.57111111111111, 82.65777777777778, 87.55777777777777, 88.36888888888889, 87.77111111111111, 79.71777777777778, 89.46, 87.53777777777778, 88.47777777777777, 78.98, 87.82444444444444, 87.90222222222222, 86.88, 85.78666666666666, 81.54666666666667, 85.05555555555556]
[45.54, 57.5, 66.48, 65.42, 72.82, 74.9, 75.34, 75.2, 74.78, 77.92, 77.6, 81.08, 78.02, 74.86, 75.62, 79.36, 78.38, 79.68, 78.22, 77.48, 77.64, 77.7, 77.02, 79.62, 80.22, 78.7, 77.74, 79.72, 81.46, 75.72, 76.5, 79.36, 81.56, 81.56, 75.74, 76.44, 80.72, 81.14, 80.64, 74.36, 82.1, 79.62, 80.52, 72.36, 80.42, 80.58, 79.64, 78.78, 76.62, 77.94]
77.15
