Running train Losses and accuracies 
[6.3741175559434025, 5.487180410460993, 4.824392465027896, 4.277594287287105, 3.823952675543048, 3.5025838112289254, 3.2164897600358184, 2.988878485154022, 2.7889631058682096, 2.614926717498086, 2.46651204302907, 2.3227621374482457, 2.202453228560361, 2.087693517858332, 1.9786563542756168, 1.8707475364208221, 1.774830450727181, 1.6903097595680843, 1.6059997396712953, 1.5220970965244554, 1.4543350515040485, 1.3856850923462347, 1.3141428757120261, 1.2563246695155448, 1.1849198507314378, 1.1451183874160051, 1.0926159293475477, 1.0386262388730592, 0.9944370214573361, 0.9545622276650234, 0.9360662818971005, 0.8825553340668028, 0.8577606440945105, 0.8301559601995078, 0.8069428031078794, 0.7769887093454599, 0.7407556719739329, 0.736923876980489, 0.7122221480716359, 0.6928554277189753]
[6.3741175559434025, 5.487180410460993, 4.824392465027896, 4.277594287287105, 3.823952675543048, 3.5025838112289254, 3.2164897600358184, 2.988878485154022, 2.7889631058682096, 2.614926717498086, 2.46651204302907, 2.3227621374482457, 2.202453228560361, 2.087693517858332, 1.9786563542756168, 1.8707475364208221, 1.774830450727181, 1.6903097595680843, 1.6059997396712953, 1.5220970965244554, 1.4543350515040485, 1.3856850923462347, 1.3141428757120261, 1.2563246695155448, 1.1849198507314378, 1.1451183874160051, 1.0926159293475477, 1.0386262388730592, 0.9944370214573361, 0.9545622276650234, 0.9360662818971005, 0.8825553340668028, 0.8577606440945105, 0.8301559601995078, 0.8069428031078794, 0.7769887093454599, 0.7407556719739329, 0.736923876980489, 0.7122221480716359, 0.6928554277189753]
Losses train valid test
[3.723553392697464, 3.315947840836915, 2.8435309414159167, 2.4471369406039063, 2.1560242497785524, 1.9312259226360105, 1.859348045831377, 1.6243690628219734, 1.4318891899152235, 1.361646818843755, 1.162627660754052, 1.1632900236343795, 1.0412571475925771, 0.9708049613982439, 0.9405126515775919, 0.8133226663551547, 0.803325926038352, 0.7315886863930658, 0.6929562773386185, 0.5944559715518897, 0.5934331047941338, 0.5477112797512249, 0.529423903758553, 0.4152309393340891, 0.45568658352236857, 0.3560286910188469, 0.3366474085064097, 0.3155673186040737, 0.2730376194654541, 0.28851254673844035, 0.25309208992191334, 0.2418546178801493, 0.21879157311791045, 0.2158928630577231, 0.1927741008006375, 0.14777137417430905, 0.15735559307292782, 0.15458966656164688, 0.17876588205002586, 0.14305058421186087]
[3.7469952404499054, 3.3960419237613677, 2.9015933573246, 2.544818639755249, 2.31148282289505, 2.1201698243618012, 2.083791323006153, 1.8759150952100754, 1.7557786762714387, 1.6960900217294692, 1.5006397269666194, 1.5630192667245866, 1.4910382211208344, 1.4914704710245132, 1.4722345620393753, 1.3673760697245598, 1.4107371345162392, 1.4056037113070488, 1.4161209389567375, 1.3896668404340744, 1.4119440287351608, 1.4293725132942199, 1.4723867028951645, 1.4110745757818222, 1.449137482047081, 1.4500756204128264, 1.4554363161325454, 1.5018203660845757, 1.438559991121292, 1.5190388858318329, 1.5107481062412262, 1.5608364149928093, 1.5356565475463868, 1.5693357646465302, 1.592332050204277, 1.511572140455246, 1.562780474126339, 1.5781057864427566, 1.8285066962242127, 1.6439761132001878]
1.6215983153898506
Accuracies train valid test
[10.88, 18.246666666666666, 27.49111111111111, 34.91555555555556, 41.553333333333335, 47.06, 48.66222222222222, 54.193333333333335, 58.96888888888889, 60.526666666666664, 65.75333333333333, 65.71777777777778, 68.72666666666667, 70.68888888888888, 71.81333333333333, 75.5111111111111, 75.39111111111112, 77.5, 78.56444444444445, 81.52888888888889, 81.15555555555555, 82.64666666666666, 83.12444444444445, 86.74, 85.14, 88.49333333333334, 89.01333333333334, 89.54222222222222, 91.12222222222222, 90.50666666666666, 91.72, 91.94222222222223, 92.80888888888889, 92.83111111111111, 93.66444444444444, 95.24222222222222, 94.90444444444445, 94.90222222222222, 94.12666666666667, 95.25555555555556]
[10.24, 17.2, 26.34, 32.34, 37.38, 43.68, 43.74, 48.92, 52.14, 52.92, 57.38, 57.24, 58.0, 58.2, 58.8, 61.4, 61.16, 60.9, 61.54, 63.08, 62.94, 62.46, 62.16, 64.52, 63.76, 64.44, 65.2, 64.12, 65.38, 64.68, 65.76, 64.34, 65.64, 65.02, 65.5, 67.56, 66.78, 66.26, 65.0, 65.72]
66.8
