Running train Losses and accuracies 
[4.369063472544605, 3.9477597407319327, 3.6080553826283324, 3.297984179447998, 2.99122258241881, 2.691836818036708, 2.4134181912311097, 2.1370786130428314, 1.869641756469553, 1.6123194784264674, 1.35045336546715, 1.1739998966963454, 1.017841378861869, 0.9536640494215217, 0.8751777853732082, 0.8106559075584466, 0.7932012415999039, 0.7624288065866991, 0.7875110258305953, 0.7480161001440138, 0.7391218570145693, 0.7241333385463804, 0.7145338081331416, 0.7283716859846291, 0.7384164735505526, 0.726508080154996, 0.7207094282970171, 0.7396475904070857, 0.6890522288158536, 0.6917546095792204, 0.7112831766293808, 0.6944148158866235, 0.7159782771698453, 0.7325769913573326, 0.6686872355004941, 0.6991734437390484, 0.6862611394502561, 0.7196635867955841, 0.6908956197810106, 0.6856244356498461, 0.7073541014582257, 0.662561767522923, 0.6784368668979203, 0.7366380163002759, 0.8413393036039039, 0.7328805214175108, 0.6910097768784247, 0.6872733563438735, 0.69736139040271, 0.703618964667178]
[4.369063472544605, 3.9477597407319327, 3.6080553826283324, 3.297984179447998, 2.99122258241881, 2.691836818036708, 2.4134181912311097, 2.1370786130428314, 1.869641756469553, 1.6123194784264674, 1.35045336546715, 1.1739998966963454, 1.017841378861869, 0.9536640494215217, 0.8751777853732082, 0.8106559075584466, 0.7932012415999039, 0.7624288065866991, 0.7875110258305953, 0.7480161001440138, 0.7391218570145693, 0.7241333385463804, 0.7145338081331416, 0.7283716859846291, 0.7384164735505526, 0.726508080154996, 0.7207094282970171, 0.7396475904070857, 0.6890522288158536, 0.6917546095792204, 0.7112831766293808, 0.6944148158866235, 0.7159782771698453, 0.7325769913573326, 0.6686872355004941, 0.6991734437390484, 0.6862611394502561, 0.7196635867955841, 0.6908956197810106, 0.6856244356498461, 0.7073541014582257, 0.662561767522923, 0.6784368668979203, 0.7366380163002759, 0.8413393036039039, 0.7328805214175108, 0.6910097768784247, 0.6872733563438735, 0.69736139040271, 0.703618964667178]
Losses train valid test
[4.037564132701267, 3.664930543100292, 3.3209235376932402, 3.233365800570358, 2.5516206036237152, 2.2823569889773023, 1.9100219702178782, 1.7407400658862158, 1.1884486449205063, 0.6817938075824217, 0.6278032030994919, 0.5672631414437835, 0.36032031738961284, 0.353706902009435, 0.26122252785452554, 0.19841242288450964, 0.26365948833567515, 0.2717790058708157, 0.16539313733334315, 0.24975841613592242, 0.31748733477963303, 0.2144052172608843, 0.26263073640240525, 0.19780800066655502, 0.1421102536762853, 0.1978690574019724, 0.2477598080348054, 0.20252802164759487, 0.1220753464876907, 0.19356207792456684, 0.1360638851421589, 0.2928341333013536, 0.15904438130515205, 0.1127633003898981, 0.11740723957667466, 0.1635239398694301, 0.10952452788081825, 0.16328329299788244, 0.11386944869379724, 0.19902047504332254, 0.12992723581555765, 0.14666131904761476, 0.17536879713456568, 0.11642412057104097, 0.18386169528292323, 0.10659056271436963, 0.11420565097598062, 0.14199324556499382, 0.10894098427458877, 0.17517231713281944]
[4.064812898635864, 3.7156334617469886, 3.4397091895719116, 3.4182815431039546, 2.877339513995979, 2.7174013174032865, 2.6140074639380733, 3.219603623015971, 2.7207702549198007, 2.5936044846908954, 2.6056156248985967, 2.6332646019851107, 3.059456804130651, 2.7873218964926805, 2.7323018931135348, 2.7968420861642573, 2.7035571200938167, 2.8512457443189017, 2.972930687892286, 3.173101059998138, 2.948645667184757, 2.9038012329536147, 2.9899070564704604, 2.8697611259508737, 2.897061794619017, 3.0576424734501897, 3.0081118179273, 2.978844075263301, 3.029082603092435, 3.063514878478231, 3.132810293873654, 3.0077067357075364, 2.8601544522031954, 2.9901729957966863, 3.0853592685506315, 3.0836247130285335, 3.200090848946873, 3.0502283874946303, 3.0564404831656926, 2.9219977040834064, 2.9820648175251634, 3.0246785592429246, 3.1444911926607544, 3.091824109041238, 3.1731269721743427, 3.1340438987635357, 3.155410335033755, 3.0716690836073477, 3.0637829122664053, 3.0581065612503244]
3.0522023401442606
Accuracies train valid test
[7.482222222222222, 13.46, 19.715555555555557, 23.815555555555555, 36.535555555555554, 44.208888888888886, 52.70666666666666, 54.82888888888889, 68.15777777777778, 82.83777777777777, 85.08666666666667, 88.03777777777778, 90.38222222222223, 92.84, 94.32444444444444, 95.71333333333334, 95.52888888888889, 94.47777777777777, 95.94666666666667, 93.8711111111111, 94.22, 96.02888888888889, 94.91333333333333, 96.30888888888889, 97.31333333333333, 95.66888888888889, 95.54222222222222, 95.96888888888888, 97.46, 96.21111111111111, 97.06444444444445, 94.83333333333333, 97.32444444444444, 97.78666666666666, 97.52888888888889, 96.38, 97.45111111111112, 97.11555555555556, 97.76222222222222, 97.47555555555556, 97.75777777777778, 97.51333333333334, 96.21777777777778, 97.67333333333333, 96.08444444444444, 97.53555555555556, 97.66666666666667, 97.58666666666667, 97.75777777777778, 96.81555555555556]
[8.04, 12.62, 17.7, 20.84, 29.8, 33.24, 35.84, 33.1, 35.6, 39.52, 37.8, 37.54, 35.24, 35.58, 37.7, 36.06, 35.74, 35.2, 35.44, 32.86, 32.42, 34.88, 32.76, 33.52, 34.36, 32.94, 32.32, 32.96, 33.68, 32.64, 32.58, 31.86, 34.14, 33.28, 33.1, 32.02, 32.24, 32.18, 32.64, 33.14, 33.12, 31.5, 30.8, 32.5, 31.1, 32.88, 30.92, 31.66, 33.16, 32.0]
31.8
