Running train Losses and accuracies 
[1.3869323713535613, 0.8974099301055751, 0.730521301146258, 0.6387297830290415, 0.5726520078341392, 0.5200852851425721, 0.47445112581110815, 0.43917637240056967, 0.4043864996638149, 0.3700720409397036, 0.3439847342246635, 0.3146481498948891, 0.2907952524150129, 0.27484368232332845, 0.2569162577856332, 0.24493964899077333, 0.22493420250777324, 0.21053711502728137, 0.19491340928520498, 0.18844983004964888, 0.17974368031189608, 0.17680306567027318, 0.162952769452452, 0.15658293439892904, 0.14955188574756242, 0.1464668408867014, 0.13901423016002148, 0.1401361982438671, 0.13035805001378653, 0.12126465618282302, 0.1222226234729698, 0.124754940010131, 0.13029835050242997, 0.11409280920369466, 0.11729451076032339, 0.11102142624969763, 0.11082254252290692, 0.11276512445924296, 0.10557619734291537, 0.10862955766259058]
[1.3869323713535613, 0.8974099301055751, 0.730521301146258, 0.6387297830290415, 0.5726520078341392, 0.5200852851425721, 0.47445112581110815, 0.43917637240056967, 0.4043864996638149, 0.3700720409397036, 0.3439847342246635, 0.3146481498948891, 0.2907952524150129, 0.27484368232332845, 0.2569162577856332, 0.24493964899077333, 0.22493420250777324, 0.21053711502728137, 0.19491340928520498, 0.18844983004964888, 0.17974368031189608, 0.17680306567027318, 0.162952769452452, 0.15658293439892904, 0.14955188574756242, 0.1464668408867014, 0.13901423016002148, 0.1401361982438671, 0.13035805001378653, 0.12126465618282302, 0.1222226234729698, 0.124754940010131, 0.13029835050242997, 0.11409280920369466, 0.11729451076032339, 0.11102142624969763, 0.11082254252290692, 0.11276512445924296, 0.10557619734291537, 0.10862955766259058]
Losses train valid test
[1.287109542214735, 1.0196036920798095, 0.6608634350017052, 0.6775617861527611, 0.5474135346118022, 0.6392414039000869, 0.551161758728664, 0.42108477906069974, 0.3615045067536729, 0.5363938817119395, 0.3716790454822, 0.3790562729118392, 0.23027749727903443, 0.26994747624055226, 0.24169295428807594, 0.4079653801904483, 0.22494647412201052, 0.176646827661898, 0.1414778895744927, 0.16175154520897195, 0.15755671065364202, 0.1897417661120099, 0.16277209275126966, 0.14147826738983646, 0.15339989213680383, 0.1325170831723054, 0.12305328587271189, 0.14007736352769742, 0.10415628505076958, 0.11388076275364835, 0.10986836094657933, 0.1062892937916331, 0.07471124046159358, 0.08985100663002496, 0.08481102426726879, 0.09002119483987124, 0.0908257742683583, 0.07557850979554298, 0.08081813326994465, 0.08528898952698166]
[1.3008926556080203, 1.0830074043213567, 0.6993518607525886, 0.7276259464553639, 0.6366868377486362, 0.7603179857700686, 0.6488003127182587, 0.5348682750629473, 0.4799411704268637, 0.6871575373637525, 0.5483460969562772, 0.5831910492498663, 0.41487551282478285, 0.47402987789504136, 0.4365339856359023, 0.6864574672300604, 0.47150047467667844, 0.4293355404198924, 0.39639171939107437, 0.45522948892056186, 0.4465864040429079, 0.5254603724313688, 0.48504036759273916, 0.4529831518855276, 0.48655897322334823, 0.4346005507285082, 0.43604933696834347, 0.47404564935949783, 0.4244536055794245, 0.4697237054381189, 0.4788916850391823, 0.506963189266905, 0.4204902913940104, 0.4494271815011773, 0.44213057960136026, 0.4649554958826379, 0.48326568918514856, 0.42509827706255493, 0.44683722222719013, 0.44942779027962987]
0.472004341946286
Accuracies train valid test
[56.18888888888889, 66.1, 77.54, 76.15777777777778, 80.98222222222222, 78.78888888888889, 81.11111111111111, 85.32666666666667, 87.74888888888889, 81.53555555555556, 86.9088888888889, 86.57555555555555, 92.2688888888889, 90.69555555555556, 91.58444444444444, 86.6511111111111, 92.1288888888889, 93.97333333333333, 95.05111111111111, 94.46444444444444, 94.6288888888889, 93.2088888888889, 94.52222222222223, 94.94444444444444, 94.65777777777778, 95.41555555555556, 95.79333333333334, 95.06, 96.52222222222223, 96.06, 96.03111111111112, 96.22888888888889, 97.54888888888888, 97.06, 97.11333333333333, 96.87555555555555, 96.84, 97.54, 97.2, 97.17333333333333]
[54.8, 64.02, 76.34, 74.24, 78.68, 76.04, 78.34, 82.12, 83.94, 77.16, 82.18, 81.2, 85.88, 84.7, 85.94, 80.62, 84.86, 86.0, 87.5, 85.76, 86.02, 84.88, 85.36, 86.46, 85.62, 86.14, 87.38, 86.8, 87.28, 86.76, 86.82, 86.52, 87.64, 87.22, 87.14, 87.1, 86.32, 87.32, 87.16, 86.88]
86.25
