Running train Losses and accuracies 
[4.495249532840469, 4.397526510737159, 4.311349715698849, 4.087229278277267, 3.7835782210935247, 3.5676775432445784, 3.416383519768715, 3.266277416185899, 3.141584439033812, 3.0085248933597044, 2.9092305905439635, 2.807518322359432, 2.716201949525963, 2.6277727525342596, 2.5454107123342427, 2.46841563148932, 2.3892902884293687, 2.3431169336492363, 2.262695502489805, 2.2087901674888353, 2.1570292460647496, 2.116399538110603, 2.064367979087613, 2.0272028903392227, 1.9632214253598994, 1.9242875579405914, 1.894212876192548, 1.8564620282162319, 1.825857082212513, 1.7931212108920922, 1.7725585082715207, 1.742311312055046, 1.7158883247863164, 1.6981941634281115, 1.684133280068636, 1.649246868762103, 1.651740175756541, 1.6055225150829011, 1.5980401711369103, 1.592507971620018, 1.586459355936809, 1.5601560202511875, 1.5511906387453729, 1.5361363088542765, 1.5298950855027547, 1.5256041230803186, 1.509609076787125, 1.5137413752011277, 1.5075301849706606, 1.4789723066443747]
[4.495249532840469, 4.397526510737159, 4.311349715698849, 4.087229278277267, 3.7835782210935247, 3.5676775432445784, 3.416383519768715, 3.266277416185899, 3.141584439033812, 3.0085248933597044, 2.9092305905439635, 2.807518322359432, 2.716201949525963, 2.6277727525342596, 2.5454107123342427, 2.46841563148932, 2.3892902884293687, 2.3431169336492363, 2.262695502489805, 2.2087901674888353, 2.1570292460647496, 2.116399538110603, 2.064367979087613, 2.0272028903392227, 1.9632214253598994, 1.9242875579405914, 1.894212876192548, 1.8564620282162319, 1.825857082212513, 1.7931212108920922, 1.7725585082715207, 1.742311312055046, 1.7158883247863164, 1.6981941634281115, 1.684133280068636, 1.649246868762103, 1.651740175756541, 1.6055225150829011, 1.5980401711369103, 1.592507971620018, 1.586459355936809, 1.5601560202511875, 1.5511906387453729, 1.5361363088542765, 1.5298950855027547, 1.5256041230803186, 1.509609076787125, 1.5137413752011277, 1.5075301849706606, 1.4789723066443747]
Losses train valid test
[4.435717458074743, 4.3439444019035856, 4.194835775277832, 4.014748920093883, 3.5647316764701498, 3.4851210354404016, 3.3335182172330944, 3.0145376324653625, 2.858353477987376, 2.7856783656911417, 2.6639350185340103, 2.68091166425835, 2.474991450932893, 2.2737644792280416, 2.2132595113732596, 2.22011000900106, 2.0624535117637026, 1.9496351158754393, 1.8312191871756858, 1.8409866931086236, 1.754011288623918, 1.9570543661036275, 1.740466616709124, 1.6646410524845123, 1.5404599305580964, 1.529098533432592, 1.4663611823184923, 1.402218257161704, 1.5482427769086577, 1.4119268171489239, 1.445467989214442, 1.3072212489152497, 1.3172490312294527, 1.2450616512108932, 1.2508910980752923, 1.2463395414365963, 1.2085316739976406, 1.1811057369817386, 1.1431011899628423, 1.1626250522041863, 1.0904640799218959, 1.0770955107767473, 1.051670431074771, 1.1961203269999137, 0.9597529630092058, 1.2401332176205786, 1.015229513699358, 1.076489111747254, 0.9733346416191622, 1.005305933173407]
[4.4388007640838625, 4.359209394454956, 4.204961556196213, 4.0141996383667, 3.6209035396575926, 3.532718187570572, 3.4191832661628725, 3.115692561864853, 3.0274144887924193, 2.963192677497864, 2.93232324719429, 2.9320023357868195, 2.7539547264575956, 2.6740677654743195, 2.5754198014736174, 2.58523285984993, 2.4800579845905304, 2.415743738412857, 2.3936121821403504, 2.3868308901786803, 2.367616295814514, 2.4673680484294893, 2.3438186228275297, 2.3608681678771974, 2.233181059360504, 2.2531105130910873, 2.2612421244382857, 2.2924910724163055, 2.2909589141607283, 2.20813444852829, 2.3138472378253936, 2.1812007069587707, 2.2344588547945023, 2.134796527028084, 2.1912017196416853, 2.1786932319402696, 2.162399861216545, 2.15978042781353, 2.2262524396181105, 2.2408147901296616, 2.1813224852085114, 2.1514589577913283, 2.133173194527626, 2.2741005063056945, 2.138456216454506, 2.2251332640647887, 2.1269507229328157, 2.262407290935516, 2.189447656273842, 2.2234616577625275]
2.1832079706312735
Accuracies train valid test
[2.973333333333333, 4.235555555555556, 6.5, 10.595555555555556, 15.62, 18.782222222222224, 20.133333333333333, 25.855555555555554, 28.86888888888889, 31.07111111111111, 33.18, 32.90222222222222, 38.526666666666664, 41.53111111111111, 44.0, 43.095555555555556, 47.67777777777778, 48.9, 51.75555555555555, 52.937777777777775, 53.86666666666667, 52.04888888888889, 56.33555555555556, 56.3, 59.82888888888889, 60.62222222222222, 61.715555555555554, 62.38, 62.46222222222222, 65.46, 62.23111111111111, 67.34, 65.44444444444444, 68.76444444444445, 68.13777777777777, 69.71555555555555, 68.58444444444444, 70.63333333333334, 69.15777777777778, 69.38666666666667, 71.48444444444445, 72.61777777777777, 72.65777777777778, 70.50888888888889, 74.82222222222222, 71.97333333333333, 73.54888888888888, 71.19555555555556, 74.45777777777778, 73.3488888888889]
[2.58, 3.78, 6.72, 10.84, 15.18, 18.24, 19.3, 23.54, 26.14, 27.82, 28.4, 27.82, 31.92, 33.86, 35.22, 35.38, 37.78, 38.22, 39.28, 39.58, 40.26, 38.6, 40.38, 39.64, 43.0, 43.36, 42.94, 42.06, 42.58, 44.54, 41.64, 45.12, 44.32, 46.5, 45.12, 45.24, 44.76, 46.28, 44.56, 44.82, 45.52, 46.68, 46.64, 44.86, 46.8, 44.62, 47.02, 43.6, 45.7, 45.42]
46.36
