Running train Losses and accuracies 
[3.8189458955495, 3.0227673550235012, 2.4279507416397776, 2.034350323778734, 1.7403857342808824, 1.515160494394648, 1.3222153558321006, 1.151030444810809, 1.0030272797904458, 0.8728775316485294, 0.7382528194846545, 0.6206768910640846, 0.5210552907045123, 0.4214489602648627, 0.3460482220829338, 0.28092026191299574, 0.23043234914265887, 0.2011359301471835, 0.1525079679000903, 0.1244067087194961]
[3.8189458955495, 3.0227673550235012, 2.4279507416397776, 2.034350323778734, 1.7403857342808824, 1.515160494394648, 1.3222153558321006, 1.151030444810809, 1.0030272797904458, 0.8728775316485294, 0.7382528194846545, 0.6206768910640846, 0.5210552907045123, 0.4214489602648627, 0.3460482220829338, 0.28092026191299574, 0.23043234914265887, 0.2011359301471835, 0.1525079679000903, 0.1244067087194961]
Losses train valid test
[3.284801658536834, 2.59173767331143, 2.2102616870327036, 1.8186974199257087, 1.5464097779103858, 1.3303034731319971, 1.1413289539637765, 0.9257579733271419, 0.808134624190422, 0.7184878110927984, 0.5750234129798268, 0.5191495523237979, 0.4099374509865965, 0.3606669247738207, 0.22800892351463956, 0.184641169826285, 0.1440036834986098, 0.15317638474301445, 0.08634634177228959, 0.06947058492903442]
[3.3060373455096204, 2.7151924629879605, 2.3857664052088547, 2.093855095517104, 1.8937041425401238, 1.777112509794296, 1.6864326600056545, 1.5724797176707321, 1.5563446317508722, 1.6073265834978432, 1.6140729048449522, 1.7823414206504822, 1.649301470844609, 1.7147809904851732, 1.6445461166132787, 1.6626736282543013, 1.695556238198736, 1.8189648108877194, 1.7069382678930927, 1.7168715432950645]
1.7061453607326118
Accuracies train valid test
[20.16888888888889, 32.446666666666665, 40.56666666666667, 49.10666666666667, 56.08, 61.593333333333334, 66.3488888888889, 72.75333333333333, 76.09555555555555, 78.60888888888888, 82.4, 84.10222222222222, 87.68888888888888, 89.02, 93.28666666666666, 94.53111111111112, 95.98222222222222, 95.56444444444445, 97.64444444444445, 98.27555555555556]
[19.1, 30.16, 36.5, 43.46, 47.74, 51.52, 53.46, 56.64, 57.3, 57.38, 59.2, 56.94, 58.34, 58.24, 60.64, 60.52, 60.08, 58.8, 62.34, 62.36]
62.07
