Running train Losses and accuracies 
[6.408326280387965, 5.39932085912336, 4.712976080111482, 4.120727616277608, 3.6505187434906308, 3.2995699508623644, 3.0041391019794075, 2.746918519620191, 2.4884272449734537, 2.2814691615375606, 2.084498941051689, 1.863205935298042, 1.6838087944144553, 1.5082639440555463, 1.3851756864989346, 1.2288817422125826, 1.1036540637300774, 1.0082798432558775, 0.933202141980556, 0.8894062236120756, 0.8395116255957294, 0.7780920449559662, 0.7547386063432152, 0.717474373777143, 0.6743697751398113, 0.6288569740189071, 0.6178313114003025, 0.5960147178477861, 0.5611209551465105, 0.5571181202222678]
[6.408326280387965, 5.39932085912336, 4.712976080111482, 4.120727616277608, 3.6505187434906308, 3.2995699508623644, 3.0041391019794075, 2.746918519620191, 2.4884272449734537, 2.2814691615375606, 2.084498941051689, 1.863205935298042, 1.6838087944144553, 1.5082639440555463, 1.3851756864989346, 1.2288817422125826, 1.1036540637300774, 1.0082798432558775, 0.933202141980556, 0.8894062236120756, 0.8395116255957294, 0.7780920449559662, 0.7547386063432152, 0.717474373777143, 0.6743697751398113, 0.6288569740189071, 0.6178313114003025, 0.5960147178477861, 0.5611209551465105, 0.5571181202222678]
Losses train valid test
[3.613915339789607, 2.9824996333230627, 2.544079582460902, 2.1542749989100476, 1.8392368817532605, 1.6042122703722932, 1.5303304989568212, 1.328801565634256, 1.0305551264265722, 0.9687556199814108, 0.8469903087666766, 0.6102108010514216, 0.550372040851719, 0.5463841338430278, 0.35847076993774285, 0.3754843958674676, 0.23373562612951818, 0.26211622228253295, 0.2816001674562523, 0.22014042539839548, 0.16384409843488934, 0.18192125230350278, 0.13869559633630243, 0.12434297462228146, 0.10265535632391799, 0.14751694074419158, 0.09695591980496167, 0.0748681429038036, 0.12148575827847129, 0.07265497614240633]
[3.6589837979666795, 3.078281547449812, 2.6868079976190495, 2.309803104098839, 2.1005064022691946, 1.8908553380000441, 1.9018806219100952, 1.784369950053058, 1.5898715310458895, 1.658959833881523, 1.6078445503983316, 1.5391826886164992, 1.6611424246920814, 1.7888973453376866, 1.7185495412802394, 1.850630046446112, 1.8272052007385446, 1.9852140681653083, 2.2662795042689843, 2.2603494426872155, 2.178255933749525, 2.2750784762298006, 2.193802002864548, 2.2672327937959116, 2.3507083292248883, 2.5332979605167725, 2.35784208472771, 2.311978285825705, 2.581013807767554, 2.5720025180261348]
2.582556335030088
Accuracies train valid test
[12.973333333333333, 25.435555555555556, 33.16, 41.49777777777778, 49.32666666666667, 55.04888888888889, 57.11555555555555, 61.144444444444446, 69.4088888888889, 70.90666666666667, 74.45333333333333, 81.17111111111112, 82.88888888888889, 82.50666666666666, 88.37555555555555, 87.86222222222223, 92.58, 91.42666666666666, 90.68888888888888, 92.78, 94.77777777777777, 94.06222222222222, 95.47111111111111, 96.03111111111112, 96.61111111111111, 95.23777777777778, 96.83333333333333, 97.66222222222223, 95.93555555555555, 97.60666666666667]
[13.12, 23.38, 30.74, 39.28, 43.94, 48.06, 49.02, 50.94, 55.34, 55.62, 56.0, 59.54, 58.12, 56.72, 58.5, 55.36, 58.9, 56.64, 56.22, 56.94, 57.44, 57.44, 57.6, 58.52, 58.26, 56.6, 59.28, 59.24, 57.84, 58.98]
58.69
