Running train Losses and accuracies 
[4.559484700587663, 4.356611035764217, 4.316194065592506, 4.3040125231173905, 4.278104089877822, 4.272071565416726, 4.248916460031813, 4.236867836591872, 4.2304680926555935, 4.21686695583842, 4.211720437827435, 4.200753966515714, 4.191642987118526, 4.179883869872852, 4.176361262459647, 4.169840701940385, 4.164562595161525, 4.156390435993671, 4.16485151343725, 4.157677651128986, 4.145399865101684, 4.1336834833703255, 4.13156528567726, 4.135688575154001, 4.12435373257507, 4.11832319708033, 4.12467068603093, 4.1208730892024255, 4.107347564941103, 4.102606387639588, 4.10339910232208, 4.099123558198864, 4.096806667406451, 4.093826689164747, 4.08816943961111, 4.0869920758361165, 4.0865845019844445, 4.0811506631699475, 4.079093182290142, 4.072753970257261, 4.068790636956692, 4.064989336512306, 4.071885794401169]
[4.559484700587663, 4.356611035764217, 4.316194065592506, 4.3040125231173905, 4.278104089877822, 4.272071565416726, 4.248916460031813, 4.236867836591872, 4.2304680926555935, 4.21686695583842, 4.211720437827435, 4.200753966515714, 4.191642987118526, 4.179883869872852, 4.176361262459647, 4.169840701940385, 4.164562595161525, 4.156390435993671, 4.16485151343725, 4.157677651128986, 4.145399865101684, 4.1336834833703255, 4.13156528567726, 4.135688575154001, 4.12435373257507, 4.11832319708033, 4.12467068603093, 4.1208730892024255, 4.107347564941103, 4.102606387639588, 4.10339910232208, 4.099123558198864, 4.096806667406451, 4.093826689164747, 4.08816943961111, 4.0869920758361165, 4.0865845019844445, 4.0811506631699475, 4.079093182290142, 4.072753970257261, 4.068790636956692, 4.064989336512306, 4.071885794401169]
Losses train valid test
[4.489841369742697, 4.355348530479453, 4.388196255673062, 4.295305134897882, 4.339900352399457, 4.280402027409185, 4.234491485086354, 4.20367569340901, 4.219040838493542, 4.189289602366361, 4.208749754523689, 4.188831824131987, 4.1883945451541384, 4.164899745786732, 4.164199286225167, 4.208163620734757, 4.151418094607917, 5.100417521189559, 4.135961531238123, 4.137411469762975, 4.105567314746705, 4.127467142248696, 4.173942602493546, 4.122779146175493, 4.091388157145544, 4.097338699820367, 4.1536350724372, 4.108008511703122, 4.094982827590271, 4.072336661206051, 4.078769816255027, 4.110935253853148, 4.137864112176678, 4.077276603064754, 4.067997658794576, 4.06588444553993, 4.056683955206112, 4.081213240257719, 4.047272001477805, 4.035880240188404, 4.033219858326695, 4.060534302145243, 4.034446397626942]
[4.496742055385927, 4.360807799085786, 4.3696216148666185, 4.301955844782576, 4.348184929618353, 4.279697653613513, 4.228676974018918, 4.21370398545567, 4.217317765272116, 4.181636583955982, 4.211870413792284, 4.199974054022681, 4.197592780559877, 4.190799266477175, 4.18177116671695, 4.216387036480481, 4.152896283548089, 5.069819833658919, 4.1444752125800415, 4.121540760692162, 4.110756481750102, 4.1533621866491774, 4.192290671264069, 4.123712750929821, 4.090847618972199, 4.081335454047481, 4.162917505336713, 4.138919392718544, 4.102419134936755, 4.0857657631741295, 4.085448228860203, 4.094632335855991, 4.135595713989644, 4.078401345240919, 4.060663633708712, 4.098827675928043, 4.052152232278751, 4.085076570510864, 4.076368932482563, 4.044479017016254, 4.054496478430832, 4.064346274243126, 4.051100223879271]
4.049904802042967
Accuracies train valid test
[3.4444444444444446, 4.513333333333334, 4.311111111111111, 4.673333333333333, 4.931111111111111, 5.293333333333333, 5.666666666666667, 5.666666666666667, 5.588888888888889, 6.06, 5.5777777777777775, 6.091111111111111, 6.584444444444444, 6.615555555555556, 6.52, 6.66, 6.528888888888889, 6.14, 6.926666666666667, 6.757777777777778, 7.222222222222222, 7.051111111111111, 7.166666666666667, 7.257777777777778, 7.488888888888889, 7.135555555555555, 6.833333333333333, 7.075555555555556, 7.4622222222222225, 7.868888888888889, 7.851111111111111, 7.564444444444445, 6.982222222222222, 7.842222222222222, 7.637777777777778, 7.9222222222222225, 8.235555555555555, 7.902222222222222, 8.411111111111111, 8.422222222222222, 8.466666666666667, 8.30888888888889, 8.237777777777778]
[3.0, 4.68, 4.38, 4.6, 4.36, 5.78, 5.74, 5.48, 5.54, 5.94, 5.64, 6.42, 6.66, 6.24, 6.04, 7.06, 7.22, 6.1, 7.26, 6.9, 7.38, 6.86, 7.52, 7.32, 7.24, 7.18, 6.62, 7.02, 7.58, 7.96, 7.64, 7.38, 7.02, 7.98, 8.22, 7.44, 8.68, 7.5, 8.02, 7.92, 8.3, 8.24, 8.16]
8.32
