Running train Losses and accuracies 
[6.95651389522986, 6.1744839738715775, 5.60088703984564, 5.161018863320351, 4.801656847650355, 4.464221623133529, 4.148674409497868, 3.8776874725114214, 3.6574013239958068, 3.4425714456222276, 3.275992315601219, 3.1356547888029707, 2.9941461540081282, 2.8812166648832234, 2.762531418691982, 2.659233997491273, 2.5662719241597434, 2.487052567980506, 2.4070697030560537, 2.3194300640713084, 2.230683942071416, 2.1763419654559004, 2.099567375061187, 2.044850408014926, 1.9863698912615126, 1.9229848886078054, 1.8683528192341328, 1.808358907699585, 1.7735525772652843, 1.7150793001055717, 1.6633301699026064, 1.6407201899723574, 1.5842551138590684, 1.57655628668991, 1.5334347987716848, 1.4870783100751312, 1.448330869051543, 1.4342496256259354, 1.3892416378313845, 1.3626302926039153]
[6.95651389522986, 6.1744839738715775, 5.60088703984564, 5.161018863320351, 4.801656847650355, 4.464221623133529, 4.148674409497868, 3.8776874725114214, 3.6574013239958068, 3.4425714456222276, 3.275992315601219, 3.1356547888029707, 2.9941461540081282, 2.8812166648832234, 2.762531418691982, 2.659233997491273, 2.5662719241597434, 2.487052567980506, 2.4070697030560537, 2.3194300640713084, 2.230683942071416, 2.1763419654559004, 2.099567375061187, 2.044850408014926, 1.9863698912615126, 1.9229848886078054, 1.8683528192341328, 1.808358907699585, 1.7735525772652843, 1.7150793001055717, 1.6633301699026064, 1.6407201899723574, 1.5842551138590684, 1.57655628668991, 1.5334347987716848, 1.4870783100751312, 1.448330869051543, 1.4342496256259354, 1.3892416378313845, 1.3626302926039153]
Losses train valid test
[4.184299172325567, 3.638856166465716, 3.1658646416935055, 2.9357505704868925, 2.57534000006589, 2.336931425062093, 2.2438674325292762, 2.031545480205254, 1.7722181918268853, 1.6416959549215706, 1.5459546111524105, 1.3689503016119653, 1.3834936232729391, 1.2837663062594153, 1.107261104847897, 1.1457678948275067, 0.9300689568573778, 0.951948671517047, 0.8181163370609283, 0.9417735067280856, 0.7650838433341547, 0.7668425550007008, 0.6829851781949401, 0.6130350889130072, 0.5756448301571336, 0.5387695912610401, 0.502154406498779, 0.49577579071575945, 0.39894938680597325, 0.3992176540195942, 0.4096456621773541, 0.3655006405050782, 0.2997332471422851, 0.3724735966375606, 0.2959582463584163, 0.25791682870211924, 0.2512681082695384, 0.24759176580912687, 0.22936706556091932, 0.2305602739692073]
[4.215372359752655, 3.6876589179039003, 3.246314150094986, 3.036644959449768, 2.6611270129680635, 2.4738204777240753, 2.3824411004781725, 2.23575639128685, 2.0207583039999006, 1.8768650233745574, 1.7935661792755127, 1.6490752905607224, 1.7710501044988631, 1.6647524327039718, 1.5081382304430009, 1.6110546380281447, 1.3949688419699668, 1.4898510485887528, 1.3223790943622589, 1.5927809119224547, 1.4108443349599837, 1.4565090537071228, 1.4075144141912461, 1.3630058139562606, 1.4074104517698287, 1.414706252515316, 1.3579785019159316, 1.4368884339928627, 1.3174117162823678, 1.397633922100067, 1.4196100041270256, 1.4865541368722917, 1.402087278664112, 1.5234219938516618, 1.446966153383255, 1.4176026344299317, 1.4724734723567963, 1.4383058927953243, 1.4582825019955634, 1.520884257555008]
1.4743099529531938
Accuracies train valid test
[5.3822222222222225, 13.408888888888889, 21.031111111111112, 25.43111111111111, 33.068888888888885, 38.31333333333333, 40.15111111111111, 45.07555555555555, 50.84222222222222, 53.955555555555556, 56.544444444444444, 60.67777777777778, 60.62, 63.18, 67.12666666666667, 65.53111111111112, 72.03333333333333, 71.31333333333333, 75.60888888888888, 72.33333333333333, 76.56666666666666, 76.87777777777778, 79.18666666666667, 80.91333333333333, 82.25111111111111, 83.23555555555555, 84.31777777777778, 84.62, 87.5911111111111, 87.32444444444444, 86.9, 89.30888888888889, 90.31333333333333, 88.4088888888889, 90.63777777777777, 91.83111111111111, 91.94888888888889, 92.05555555555556, 92.65555555555555, 92.82666666666667]
[5.3, 12.5, 20.06, 24.38, 31.28, 35.58, 37.76, 41.2, 46.6, 48.16, 51.3, 52.92, 52.72, 53.64, 57.94, 56.74, 60.06, 59.24, 61.28, 58.46, 61.5, 61.58, 62.02, 63.68, 63.68, 63.5, 63.84, 63.42, 65.32, 65.5, 64.58, 65.74, 65.52, 63.68, 65.38, 67.18, 66.18, 66.78, 66.8, 66.34]
66.96
