Running train Losses and accuracies 
[3.7846519073302094, 3.0164389715275983, 2.483065876601772, 2.100643512538888, 1.8111733690920202, 1.5948197875510564, 1.4071171592751688, 1.2443964001299306, 1.0880916139788248, 0.954612196253782, 0.8219948525286533, 0.6977984425611794, 0.5858555950901725, 0.4933884799776768, 0.39925058658065443, 0.30226314362053847, 0.24308823294598947, 0.19033842628017406, 0.17564646456263622, 0.11107730486070398, 0.07830617582922886, 0.058343722793241876, 0.03734762088755484, 0.04138026614699894, 0.025795480113381265, 0.01771779069399186, 0.011125230715234384, 0.009075706273671874, 0.016047513257283506, 0.01199869923286976]
[3.7846519073302094, 3.0164389715275983, 2.483065876601772, 2.100643512538888, 1.8111733690920202, 1.5948197875510564, 1.4071171592751688, 1.2443964001299306, 1.0880916139788248, 0.954612196253782, 0.8219948525286533, 0.6977984425611794, 0.5858555950901725, 0.4933884799776768, 0.39925058658065443, 0.30226314362053847, 0.24308823294598947, 0.19033842628017406, 0.17564646456263622, 0.11107730486070398, 0.07830617582922886, 0.058343722793241876, 0.03734762088755484, 0.04138026614699894, 0.025795480113381265, 0.01771779069399186, 0.011125230715234384, 0.009075706273671874, 0.016047513257283506, 0.01199869923286976]
Losses train valid test
[3.3938024440272287, 3.2985097918320787, 2.392688961868936, 1.9809910128401085, 1.6439871478148482, 1.4819090390069918, 1.3942216318947347, 1.3246707464991645, 1.1983233683065257, 0.9136812018061226, 0.7718993624756959, 0.62157406818799, 0.663938388355415, 0.5662073482420634, 0.4737611635037782, 0.3846530105220154, 0.26577733912166546, 0.1868557611120526, 0.15899645294253292, 0.08248670091482134, 0.04231676584789635, 0.03799199660451533, 0.028363895673299503, 0.02780911075784719, 0.0129283244929287, 0.0077741789621293056, 0.005830465264311483, 0.00494037872604994, 0.005061473892221164, 0.004206542457805798]
[3.423361573038222, 3.393159944799882, 2.5637539187564125, 2.229326803472978, 1.9624537244627747, 1.860707799090615, 1.8352683963654917, 1.884890408455571, 1.9072380231905588, 1.6436115186425704, 1.7132950191256366, 1.6183829518813122, 1.861590546897695, 1.9007737878002697, 1.8155058463917504, 1.8994041304045086, 1.8037215486357483, 1.8651730682276473, 1.8426602392257014, 1.7179433356357525, 1.6486775875091553, 1.6677599971807455, 1.6836316117757484, 1.7825603862352009, 1.6537219663209553, 1.584175827382486, 1.6046525798266447, 1.5499159373060059, 1.5710943145088003, 1.5529423137254352]
1.5641315522467254
Accuracies train valid test
[17.648888888888887, 22.793333333333333, 37.22888888888889, 45.69111111111111, 53.0, 57.09777777777778, 59.75111111111111, 62.36888888888889, 64.61555555555556, 73.13555555555556, 76.67777777777778, 81.44, 79.53777777777778, 82.02, 85.56444444444445, 88.21777777777778, 92.01333333333334, 94.28222222222222, 95.69555555555556, 98.11777777777777, 99.28444444444445, 99.33333333333333, 99.60666666666667, 99.49555555555555, 99.87777777777778, 99.93333333333334, 99.96, 99.96888888888888, 99.97777777777777, 99.96888888888888]
[17.38, 22.0, 34.64, 40.78, 46.56, 48.74, 50.6, 51.52, 51.64, 55.86, 55.12, 57.02, 54.84, 54.68, 55.58, 56.46, 57.56, 58.64, 59.5, 61.26, 63.66, 62.18, 63.26, 61.44, 64.4, 64.64, 65.26, 65.64, 65.36, 65.12]
64.37
