Running train Losses and accuracies 
[3.985956637019461, 3.3626086698337034, 2.7599455006420612, 2.3164326015182515, 2.027685793624683, 1.8188441324640403, 1.659290330315178, 1.5323292841626839, 1.4313538369130006, 1.3287330022589727, 1.2592296298085288, 1.193184642883187, 1.1298331890932538, 1.0799262013963677, 1.0215737025507472, 0.9862989149987698, 0.9360714535313573, 0.9061738958328285, 0.8604589645242826, 0.8356997472742065, 0.8085223391059447, 0.7812412123365159, 0.752483292567459, 0.7308482055298307, 0.7102940295484256, 0.6826716843907806, 0.6705434978092936, 0.6515025180679831, 0.61952678385106, 0.6077621169811622]
[3.985956637019461, 3.3626086698337034, 2.7599455006420612, 2.3164326015182515, 2.027685793624683, 1.8188441324640403, 1.659290330315178, 1.5323292841626839, 1.4313538369130006, 1.3287330022589727, 1.2592296298085288, 1.193184642883187, 1.1298331890932538, 1.0799262013963677, 1.0215737025507472, 0.9862989149987698, 0.9360714535313573, 0.9061738958328285, 0.8604589645242826, 0.8356997472742065, 0.8085223391059447, 0.7812412123365159, 0.752483292567459, 0.7308482055298307, 0.7102940295484256, 0.6826716843907806, 0.6705434978092936, 0.6515025180679831, 0.61952678385106, 0.6077621169811622]
Losses train valid test
[3.656522473828359, 3.1176471784710884, 2.531958210536025, 2.1725070840594443, 1.9589212807742031, 1.7067977039312774, 1.5565333053130994, 1.4416798079725017, 1.325792338529771, 1.314796777357432, 1.166841687719253, 1.0782705067910932, 1.05447522174059, 0.9693922712044283, 0.9454148707657375, 0.8855767380446196, 0.8219000198878348, 0.7799116859889843, 0.7686454886570573, 0.7336321850307286, 0.6775632375343279, 0.6447538336400281, 0.6936214166608724, 0.700968411327763, 0.6144105579534714, 0.5974494164216925, 0.5725329164415598, 0.5201249426992779, 0.5382540762974796, 0.5406492009166289]
[3.6750922384141367, 3.1512778559817543, 2.62843524957005, 2.2827107770533503, 2.131241626377347, 1.9006116586395456, 1.751912898655179, 1.6980535425717318, 1.6167974592764167, 1.6371154920964301, 1.5515974382810955, 1.5139121179339252, 1.5090403873709184, 1.485750389250019, 1.4657586918601506, 1.4694961098176014, 1.3903358488143245, 1.3662353731408905, 1.440738168698323, 1.419060572038723, 1.3795251808589017, 1.391330456431908, 1.454209090788153, 1.487249579610704, 1.4350853524630582, 1.4050271269641346, 1.4166431909875026, 1.412278106695489, 1.3773927613149715, 1.427805724777753]
1.4176742620528884
Accuracies train valid test
[12.782222222222222, 22.517777777777777, 33.84444444444444, 41.06666666666667, 46.82666666666667, 52.257777777777775, 55.782222222222224, 58.82888888888889, 61.8, 62.35111111111111, 65.88222222222223, 68.42444444444445, 68.34666666666666, 70.98666666666666, 71.71333333333334, 73.56, 75.43333333333334, 76.56222222222222, 76.7, 77.6288888888889, 78.90444444444445, 80.48444444444445, 78.53555555555556, 78.24666666666667, 80.87333333333333, 81.47555555555556, 82.40666666666667, 83.92444444444445, 83.14888888888889, 83.17333333333333]
[13.14, 21.48, 32.5, 38.86, 43.42, 47.56, 50.84, 53.42, 55.38, 55.08, 56.84, 58.2, 59.16, 59.26, 60.1, 61.26, 62.52, 62.04, 61.52, 62.6, 63.12, 63.04, 61.74, 61.1, 62.62, 62.92, 63.04, 63.76, 64.14, 63.24]
62.71
