Running train Losses and accuracies 
[4.373195352202112, 3.9329111311923373, 3.618683407591148, 3.31251274286346, 3.0177099989219145, 2.7661601924760775, 2.5389792282472956, 2.3694522313096305, 2.1924505895850332, 2.011753337457776, 1.9023628353395245, 1.797021246091886, 1.6909117321060463, 1.593835175630044, 1.5160295327448032, 1.437382722781463, 1.397325400263071, 1.3405020848255267, 1.2792241313410075, 1.2570286764847962, 1.2237355063076725, 1.200880594890226, 1.193701177158139, 1.1481594949198717, 1.146259883757342, 1.1480461524968797, 1.1176721610721538, 1.1103787136433476, 1.0829181558537213, 1.0934035710736432, 1.0953904936005445, 1.0944947216405787, 1.0752167821099812, 1.1021102482283658, 1.065617926757444, 1.0630255042236636, 1.04835191775452, 1.0586808322166854, 1.053027836775238, 1.047793724785813, 1.0569414090449838, 1.053677250250158, 1.052467622243884, 1.056184288495305, 1.0643533660437574, 1.0379977985285223, 1.0339709197763691, 1.0450101560405032, 1.075078315355561, 1.0282343812710182]
[4.373195352202112, 3.9329111311923373, 3.618683407591148, 3.31251274286346, 3.0177099989219145, 2.7661601924760775, 2.5389792282472956, 2.3694522313096305, 2.1924505895850332, 2.011753337457776, 1.9023628353395245, 1.797021246091886, 1.6909117321060463, 1.593835175630044, 1.5160295327448032, 1.437382722781463, 1.397325400263071, 1.3405020848255267, 1.2792241313410075, 1.2570286764847962, 1.2237355063076725, 1.200880594890226, 1.193701177158139, 1.1481594949198717, 1.146259883757342, 1.1480461524968797, 1.1176721610721538, 1.1103787136433476, 1.0829181558537213, 1.0934035710736432, 1.0953904936005445, 1.0944947216405787, 1.0752167821099812, 1.1021102482283658, 1.065617926757444, 1.0630255042236636, 1.04835191775452, 1.0586808322166854, 1.053027836775238, 1.047793724785813, 1.0569414090449838, 1.053677250250158, 1.052467622243884, 1.056184288495305, 1.0643533660437574, 1.0379977985285223, 1.0339709197763691, 1.0450101560405032, 1.075078315355561, 1.0282343812710182]
Losses train valid test
[4.037149078466675, 3.702429060570218, 3.3274303783069956, 3.184538323432207, 2.893845497884534, 2.6433732181110163, 2.18261017176238, 2.191277548332106, 1.6636920974335887, 1.6915486138314009, 1.4360391593284227, 1.3180117588490248, 1.21727983916009, 1.2286810235713015, 0.9456299256364052, 0.8810011296194385, 0.8497023114257238, 0.9315610450523143, 0.7456987519240514, 0.661742924797264, 0.6883253552527591, 0.7312514247499745, 0.6617636046033691, 0.6687957567205145, 0.7244972195899622, 0.602486574980007, 0.7134449680081822, 0.5844892113130878, 0.5386360574365509, 0.6893163790333677, 0.5222427047873762, 0.5571341099725529, 0.6149548042819581, 0.5409749177236914, 0.5447580950673331, 0.6219823365734721, 0.5133835916111077, 0.5253104450054128, 0.4904935361118987, 0.5160728375221052, 0.570639026097276, 0.4782573331189765, 0.5691589199810881, 0.6567457790740512, 0.4662845346399329, 0.452150488907302, 0.5515526666475291, 0.662841985996982, 0.5431329485833306, 0.5273740297733721]
[4.0449953712994535, 3.7593517454364633, 3.387760098976425, 3.2817622196825247, 3.0477311611175537, 2.8812367553952374, 2.562070411971853, 2.6224027313763583, 2.2821166454991206, 2.33494021168238, 2.338677649256549, 2.2791090735906288, 2.384307164180128, 2.27883027927785, 2.2337752203398114, 2.359980068629301, 2.250071441070943, 2.4172907494291476, 2.4628102779388428, 2.215415685991698, 2.256811114806163, 2.2917350409906123, 2.348246686066253, 2.346682628498802, 2.2954817512367347, 2.3651308228697956, 2.5556376357621784, 2.3062089907972116, 2.4492776031735577, 2.489838416063333, 2.325798534139802, 2.2594505261771287, 2.4829063060917433, 2.398694794389266, 2.4260693064218835, 2.552160987371131, 2.324291206613372, 2.5236184959170185, 2.4087298188028456, 2.410470677327506, 2.418587461302552, 2.4334094539473328, 2.542507334600521, 2.5542433427858957, 2.5118545821950407, 2.5705571355698984, 2.5305020175402677, 2.5237570246563683, 2.4229446106319186, 2.5776104640357103]
2.5102866986754595
Accuracies train valid test
[8.297777777777778, 12.953333333333333, 20.195555555555554, 25.608888888888888, 31.546666666666667, 35.28, 43.59777777777778, 44.94, 55.473333333333336, 56.54, 61.257777777777775, 65.41555555555556, 67.64, 68.73555555555555, 75.11333333333333, 76.2911111111111, 77.75111111111111, 75.60444444444444, 80.06666666666666, 83.61333333333333, 82.7088888888889, 83.00222222222222, 83.07777777777778, 83.60666666666667, 84.13555555555556, 85.34222222222222, 81.80444444444444, 85.8488888888889, 85.84444444444445, 83.12, 87.04444444444445, 87.5911111111111, 84.60888888888888, 86.46, 86.91555555555556, 84.57555555555555, 87.60222222222222, 86.28, 87.98222222222222, 87.29777777777778, 86.40444444444445, 88.38, 86.14222222222222, 84.84222222222222, 88.2088888888889, 88.2, 86.34666666666666, 84.26, 87.55555555555556, 86.88]
[8.36, 11.92, 19.16, 23.3, 27.12, 30.48, 35.14, 35.18, 41.3, 41.68, 41.3, 42.32, 42.9, 42.26, 45.24, 44.26, 45.38, 42.02, 44.0, 46.04, 45.0, 44.48, 44.4, 44.08, 44.26, 43.2, 40.84, 45.28, 43.36, 41.68, 44.3, 45.58, 41.6, 43.34, 43.02, 41.2, 45.04, 43.58, 44.24, 43.26, 43.26, 43.6, 41.92, 40.68, 42.6, 42.18, 41.9, 40.94, 42.3, 41.18]
42.68
