Running train Losses and accuracies 
[4.060678864067251, 3.433414665812796, 2.84094941819256, 2.333320061422207, 2.0035388617014345, 1.7672099755568937, 1.586775380610065, 1.4439410237934103, 1.3233713632110844, 1.20433237132701, 1.1122966723685914, 1.0361165849661285, 0.960360579827631, 0.8932824870148166, 0.8338097936727784, 0.7797382029450752, 0.7433166961524297, 0.6934397119859402, 0.6399843464182182, 0.6147010927300223, 0.5874217503958128, 0.5530156320468946, 0.5213146398309618, 0.49994645557704975, 0.46975579318082467, 0.44072345536286855, 0.4479779835197736, 0.4492707829075781, 0.3899275110505352, 0.3966425929684192, 0.3788128178990023, 0.3499240026047284, 0.35353638613808225, 0.3408378225497224, 0.34070789599156176, 0.33122461588672275, 0.3235131272707473, 0.30688514260956173, 0.30942247997419065, 0.3052339276764542]
[4.060678864067251, 3.433414665812796, 2.84094941819256, 2.333320061422207, 2.0035388617014345, 1.7672099755568937, 1.586775380610065, 1.4439410237934103, 1.3233713632110844, 1.20433237132701, 1.1122966723685914, 1.0361165849661285, 0.960360579827631, 0.8932824870148166, 0.8338097936727784, 0.7797382029450752, 0.7433166961524297, 0.6934397119859402, 0.6399843464182182, 0.6147010927300223, 0.5874217503958128, 0.5530156320468946, 0.5213146398309618, 0.49994645557704975, 0.46975579318082467, 0.44072345536286855, 0.4479779835197736, 0.4492707829075781, 0.3899275110505352, 0.3966425929684192, 0.3788128178990023, 0.3499240026047284, 0.35353638613808225, 0.3408378225497224, 0.34070789599156176, 0.33122461588672275, 0.3235131272707473, 0.30688514260956173, 0.30942247997419065, 0.3052339276764542]
Losses train valid test
[3.7285801727663386, 3.171970022672957, 2.5643232122740964, 2.3116949667984787, 1.7933706432072953, 1.7642550409178843, 1.4587949849665165, 1.314663352444768, 1.3157629645006224, 1.184735588644716, 1.1378142453560776, 1.0024461002004417, 0.9081786344335838, 0.7795020345683125, 0.7177211897532371, 0.6815751518376849, 0.6822987008331851, 0.6540125888264314, 0.5969546744599938, 0.5715206021189012, 0.5548509855077348, 0.5912806257944215, 0.510809710863131, 0.4660141089169139, 0.44783477749760175, 0.413591198803095, 0.44262433164245024, 0.49715990058823745, 0.3609277814182199, 0.3973399450981312, 0.3527609499658204, 0.35820641149555077, 0.2866469348029403, 0.3546230817658149, 0.31865669684272935, 0.3450851220828058, 0.319075378684581, 0.2591370018252002, 0.34733493299096485, 0.33609092291656206]
[3.752276088618025, 3.263340204576903, 2.6563199290746375, 2.4677537226978736, 2.0068124608148503, 2.0062672609015357, 1.7490599532670612, 1.6971588315843027, 1.7153351472902902, 1.6514060844348957, 1.7401961239078376, 1.5824655671662922, 1.587233668641199, 1.464603201497959, 1.448180975038794, 1.4774778772004042, 1.5182103212875655, 1.5206471621235715, 1.5412616857999488, 1.5395690112174312, 1.6016511026817033, 1.6485954779612868, 1.6413669382469565, 1.5764478263975699, 1.614314550840402, 1.5698652629610859, 1.630378376079511, 1.7578291727017752, 1.5718466352812852, 1.6326148879678943, 1.667870213713827, 1.6204799179789386, 1.548729761491848, 1.6623040588596198, 1.636397677131846, 1.6894869638394705, 1.6370616906051394, 1.5636276912085618, 1.788723643822006, 1.7358109256889247]
1.6469494711821246
Accuracies train valid test
[11.671111111111111, 21.26222222222222, 34.297777777777775, 39.80222222222222, 50.31333333333333, 51.43555555555555, 58.67111111111111, 62.13333333333333, 61.955555555555556, 65.37777777777778, 66.3488888888889, 70.24444444444444, 72.93555555555555, 76.72444444444444, 78.31555555555556, 79.19777777777777, 79.12222222222222, 79.55111111111111, 81.21777777777778, 82.27111111111111, 82.88222222222223, 81.69777777777777, 84.00222222222222, 85.36666666666666, 85.66, 86.90666666666667, 85.8488888888889, 84.47555555555556, 88.71111111111111, 87.33333333333333, 88.74666666666667, 88.32, 90.84444444444445, 88.6511111111111, 89.86666666666666, 89.03555555555556, 89.78222222222222, 91.91555555555556, 89.05555555555556, 89.26222222222222]
[11.3, 19.68, 32.2, 37.2, 46.12, 46.62, 53.18, 53.98, 53.5, 55.62, 54.2, 57.1, 58.8, 61.24, 61.72, 60.92, 61.68, 60.38, 60.92, 61.28, 61.8, 60.56, 60.9, 61.94, 60.9, 62.38, 62.18, 60.52, 62.64, 62.8, 62.96, 62.48, 64.78, 62.92, 62.6, 62.84, 62.44, 64.88, 62.18, 61.42]
62.72
