Running train Losses and accuracies 
[3.8871935067529026, 3.202675225043839, 2.708799220790917, 2.328770613636483, 2.044292579659007, 1.8455430983819745, 1.6731627376919442, 1.5353113821792332, 1.4246669554744253, 1.322180672887374, 1.2236243873326615, 1.1436189776286483, 1.0601101287386634, 0.9939217945899476, 0.9289921174164523, 0.8605820421468128, 0.802297334102067, 0.7398135355165736, 0.6910784548910504, 0.6377833993174136, 0.5915832903066819, 0.550956344824623, 0.507575577209619, 0.4569566917436367, 0.41604838450439274, 0.39269732019271364, 0.35671601073012094, 0.3247484571660276, 0.3034931437366388, 0.2703707389406521]
[3.8871935067529026, 3.202675225043839, 2.708799220790917, 2.328770613636483, 2.044292579659007, 1.8455430983819745, 1.6731627376919442, 1.5353113821792332, 1.4246669554744253, 1.322180672887374, 1.2236243873326615, 1.1436189776286483, 1.0601101287386634, 0.9939217945899476, 0.9289921174164523, 0.8605820421468128, 0.802297334102067, 0.7398135355165736, 0.6910784548910504, 0.6377833993174136, 0.5915832903066819, 0.550956344824623, 0.507575577209619, 0.4569566917436367, 0.41604838450439274, 0.39269732019271364, 0.35671601073012094, 0.3247484571660276, 0.3034931437366388, 0.2703707389406521]
Losses train valid test
[3.5112704526294363, 2.9795051362704146, 2.568188364194198, 2.367773113772273, 1.882625619626858, 1.7602702530778267, 1.6093068283728578, 1.4852791901847178, 1.4365566222166473, 1.2264418933879246, 1.1510515167293223, 1.093458354727111, 1.1322284029712053, 0.9243505102031949, 0.895679937506264, 0.7939098500223323, 0.7109949871135707, 0.7268039291216568, 0.609746477693658, 0.6201417039106176, 0.5250716701848432, 0.5139569645451213, 0.4647390031128783, 0.40485495134172117, 0.36581099160354247, 0.3241665404374627, 0.3330319045661864, 0.2861913105007261, 0.25763775141571055, 0.23382030285640873]
[3.575196878819526, 3.0879300576222093, 2.659663870364805, 2.552855896044381, 2.1036533554898034, 1.9999338584610178, 1.884858869299104, 1.7498611392854135, 1.7811980353126042, 1.5865977889374843, 1.5471834736534311, 1.5524217667458933, 1.644986191882363, 1.4827918900719173, 1.5317729107941254, 1.4126880417896222, 1.4285829776450047, 1.4518110952045344, 1.354708938658992, 1.442896409879757, 1.4114554320709616, 1.4309418337254585, 1.4196186442918415, 1.416707287860822, 1.3894535616228851, 1.4099973881546455, 1.4607841553567331, 1.4292026901546913, 1.374175384829316, 1.4082613021512576]
1.4144816914941096
Accuracies train valid test
[16.444444444444443, 25.24888888888889, 32.9, 38.373333333333335, 48.004444444444445, 51.06, 55.19555555555556, 57.611111111111114, 59.72, 64.12444444444445, 66.66444444444444, 67.6288888888889, 66.83333333333333, 72.21333333333334, 72.83333333333333, 75.97333333333333, 78.19555555555556, 77.95333333333333, 81.49555555555555, 80.60444444444444, 83.5111111111111, 83.83555555555556, 85.33555555555556, 87.30444444444444, 88.69333333333333, 89.79777777777778, 89.36444444444444, 91.24444444444444, 92.13111111111111, 92.82444444444444]
[16.18, 23.64, 31.3, 35.2, 43.98, 45.78, 49.36, 51.5, 52.56, 56.26, 56.7, 56.62, 55.48, 60.26, 58.78, 61.02, 61.22, 60.6, 63.04, 62.4, 62.76, 63.24, 63.22, 64.04, 64.2, 64.6, 64.7, 64.22, 65.6, 64.72]
65.83
