Running train Losses and accuracies 
[2.4335839067670433, 1.5336384736001492, 1.1706871740858664, 0.9603042246943171, 0.8137533263388005, 0.6899116792377423, 0.5886160050180148, 0.4998155667615885, 0.432893231257119, 0.37613099845210934, 0.3050413767976517, 0.2532210577998988, 0.20323938556248322, 0.16487246766072614, 0.15097821144313042, 0.11574893004779535, 0.10479729599187108, 0.10866768276900984, 0.09051840365745276, 0.0493211305620207, 0.04031165767215002, 0.04808435780432774, 0.028986179435543654, 0.1322937858441781, 0.08035180327649206, 0.06270510707029396, 0.02136527486783796, 0.013991272152700483, 0.010805394047565642, 0.009408136044922603]
[2.4335839067670433, 1.5336384736001492, 1.1706871740858664, 0.9603042246943171, 0.8137533263388005, 0.6899116792377423, 0.5886160050180148, 0.4998155667615885, 0.432893231257119, 0.37613099845210934, 0.3050413767976517, 0.2532210577998988, 0.20323938556248322, 0.16487246766072614, 0.15097821144313042, 0.11574893004779535, 0.10479729599187108, 0.10866768276900984, 0.09051840365745276, 0.0493211305620207, 0.04031165767215002, 0.04808435780432774, 0.028986179435543654, 0.1322937858441781, 0.08035180327649206, 0.06270510707029396, 0.02136527486783796, 0.013991272152700483, 0.010805394047565642, 0.009408136044922603]
Losses train valid test
[1.3495097620074044, 0.981538300825791, 0.7238065564835613, 0.6998626720160246, 0.5620778095908463, 0.3372293902793899, 0.32773305409037595, 0.19686724379955028, 0.25784552857195114, 0.23389137441038407, 0.13491192420373077, 0.20930272960950705, 0.09228969806281384, 0.0811825239639306, 0.11169855802886146, 0.02244181573438585, 0.05756100335565861, 0.030531028416755198, 0.013647410651794251, 0.0069851941095852126, 0.00913694726789448, 0.003556186252714336, 0.09398846436887322, 0.0382750476676599, 0.00873487995450391, 0.004462234624053384, 0.0012661068472539228, 0.00023866816090002305, 0.00032911853339421464, 0.0003153626812155091]
[1.3464834788177586, 1.0330089074146898, 0.8091817581200902, 0.852780094252357, 0.7655136030686053, 0.5358417798069459, 0.5725622875026509, 0.4546157006598726, 0.6035152642598635, 0.5902992634079124, 0.5428269923358118, 0.7102923034867153, 0.580961609117781, 0.6199597828561747, 0.70407167774967, 0.5337178312902209, 0.6743251089053818, 0.613276976384694, 0.5927151277472701, 0.5767222783517953, 0.6175771730987332, 0.5731891893510577, 0.8858445507438877, 0.6621150978003876, 0.5566588256366646, 0.539150483811958, 0.5110933886770206, 0.48845086634288765, 0.5155406086410903, 0.5428332253536091]
0.5385603342371382
Accuracies train valid test
[54.27777777777778, 66.59555555555555, 75.02444444444444, 75.88444444444444, 80.93555555555555, 88.13111111111111, 88.72888888888889, 93.22888888888889, 90.86444444444444, 91.86666666666666, 95.07555555555555, 92.68888888888888, 96.86222222222223, 97.07111111111111, 96.15777777777778, 99.27333333333333, 97.93555555555555, 98.95777777777778, 99.55777777777777, 99.8, 99.74666666666667, 99.91777777777777, 97.19777777777777, 98.61333333333333, 99.74666666666667, 99.89333333333333, 99.97777777777777, 100.0, 100.0, 99.99777777777778]
[54.28, 65.32, 72.78, 72.14, 75.54, 81.72, 81.72, 85.48, 82.1, 82.54, 84.06, 81.88, 84.7, 85.24, 83.48, 87.32, 84.9, 85.98, 86.88, 87.54, 87.2, 88.12, 84.08, 85.58, 88.18, 88.4, 89.16, 89.78, 89.44, 89.36]
88.84
