Running train Losses and accuracies 
[2.467875424264507, 1.584761119870977, 1.2159764304418454, 0.9895972273820504, 0.8146823890380223, 0.7015035612804984, 0.5960094729777087, 0.5216888936702162, 0.4515995770819824, 0.3716426643288948, 0.3127735795305026, 0.269452799429101, 0.23543643913316456, 0.1811166160755833, 0.15553213568637148, 0.12269634908245114, 0.16917544448303737, 0.11638516825041734, 0.10685451214455745, 0.07136806311212819]
[2.467875424264507, 1.584761119870977, 1.2159764304418454, 0.9895972273820504, 0.8146823890380223, 0.7015035612804984, 0.5960094729777087, 0.5216888936702162, 0.4515995770819824, 0.3716426643288948, 0.3127735795305026, 0.269452799429101, 0.23543643913316456, 0.1811166160755833, 0.15553213568637148, 0.12269634908245114, 0.16917544448303737, 0.11638516825041734, 0.10685451214455745, 0.07136806311212819]
Losses train valid test
[1.151954765939577, 0.9049911591309038, 0.7958106001077051, 0.5069458511742678, 0.39537135350771924, 0.33579980458175257, 0.30210041031453083, 0.40242946202951396, 0.2239822393537245, 0.23651552060089837, 0.12498445034196431, 0.09271881577892187, 0.0782350065948611, 0.2115499095141951, 0.08957227128617391, 0.11258122099124276, 0.05195011535496716, 0.04675992694104603, 0.044121231226013566, 0.007967417185806302]
[1.195512735390965, 0.9750374095349372, 0.8814896609209761, 0.6092548694791673, 0.5541536479811126, 0.5082122469438782, 0.5460855291236805, 0.6632664629930183, 0.5099324378408964, 0.6017426908770694, 0.488379916058311, 0.49241940922374966, 0.49045219130908385, 0.7561790799792809, 0.6251464192814464, 0.6860763204248645, 0.6222334915324103, 0.6729893578758722, 0.6471154867093775, 0.5156552624193174]
0.5304136829343951
Accuracies train valid test
[59.028888888888886, 68.2311111111111, 73.18666666666667, 82.34444444444445, 86.02666666666667, 88.0111111111111, 89.44444444444444, 85.47333333333333, 92.25777777777778, 91.59333333333333, 95.63111111111111, 96.73777777777778, 97.29777777777778, 93.53777777777778, 96.79777777777778, 96.28666666666666, 98.24, 98.41111111111111, 98.36, 99.78]
[57.1, 65.78, 70.18, 78.98, 81.92, 82.16, 82.18, 78.18, 83.52, 81.96, 85.36, 86.3, 85.82, 83.28, 85.16, 84.56, 85.72, 85.8, 86.36, 88.56]
87.97
