Running train Losses and accuracies 
[4.225246000357649, 3.831233373758468, 3.619320583953099, 3.457404475659132, 3.3038448373025116, 3.1672921661626208, 3.0310392163016577, 2.9069593122059647, 2.793446907942945, 2.6859493049030956, 2.5774514258585195, 2.4844864877787503, 2.3923180162567985, 2.2990278726951643, 2.207082149149342, 2.1340027571740476, 2.067109925672412, 1.9953448564152827, 1.9244560186158528, 1.8673714289272374, 1.8191559949720448, 1.7611545105888085, 1.7103129908103833, 1.6572062647478147, 1.6158659490333362, 1.5648717417974363, 1.5263576771725307, 1.4831002229316668, 1.4373032642867078, 1.39882754847746]
[4.225246000357649, 3.831233373758468, 3.619320583953099, 3.457404475659132, 3.3038448373025116, 3.1672921661626208, 3.0310392163016577, 2.9069593122059647, 2.793446907942945, 2.6859493049030956, 2.5774514258585195, 2.4844864877787503, 2.3923180162567985, 2.2990278726951643, 2.207082149149342, 2.1340027571740476, 2.067109925672412, 1.9953448564152827, 1.9244560186158528, 1.8673714289272374, 1.8191559949720448, 1.7611545105888085, 1.7103129908103833, 1.6572062647478147, 1.6158659490333362, 1.5648717417974363, 1.5263576771725307, 1.4831002229316668, 1.4373032642867078, 1.39882754847746]
Losses train valid test
[3.9641583301126957, 3.694980735467239, 3.5494621995497835, 3.332643649794839, 3.257036563686349, 3.0619981302456423, 2.9661033045161855, 2.825522296130657, 2.980326033790003, 2.59593357602981, 2.4781794309277427, 2.4283179747448727, 2.3938057358292015, 2.243475066836585, 2.1796031391078774, 2.1388470486483793, 2.2498682657764717, 1.9235126416791568, 1.9564671699296345, 1.8950474749911914, 2.0107734487815336, 1.667872037399899, 1.6273490942337296, 1.585599528710273, 1.5922668767584995, 1.5564175925471566, 1.4439392270181666, 1.363462341864678, 1.3512072895060887, 1.32048574403267]
[3.9857415700260597, 3.723033334635481, 3.591468391539175, 3.380844816376891, 3.3223709516887423, 3.151718586306029, 3.0403579579123967, 2.904259932192066, 3.080277811122846, 2.694847034502633, 2.589943167529529, 2.5622830058954937, 2.5378057685079454, 2.3808546594426603, 2.3439157869242413, 2.313801923884621, 2.4313456755650193, 2.115676366830174, 2.1470558220827125, 2.100900814503054, 2.2125984883006615, 1.919421137133731, 1.893380036836938, 1.8670887449119664, 1.8525110815144792, 1.8629716574391233, 1.7653729508194742, 1.7102672548233708, 1.7045264787311796, 1.682046366643302]
1.6759114523602139
Accuracies train valid test
[9.268888888888888, 12.993333333333334, 15.231111111111112, 19.517777777777777, 20.877777777777776, 24.166666666666668, 26.075555555555557, 29.033333333333335, 26.92, 33.32888888888889, 36.086666666666666, 36.64888888888889, 37.43333333333333, 40.80888888888889, 42.2, 43.45111111111111, 40.44222222222222, 47.97555555555556, 47.45111111111111, 48.50222222222222, 46.013333333333335, 54.13777777777778, 54.89111111111111, 55.92, 55.95111111111111, 57.004444444444445, 59.44888888888889, 61.32666666666667, 62.166666666666664, 62.81333333333333]
[8.88, 12.66, 14.42, 19.18, 19.16, 22.0, 24.36, 26.66, 25.84, 31.98, 33.86, 34.16, 35.04, 38.16, 38.72, 39.22, 37.52, 43.72, 42.48, 44.38, 40.68, 48.5, 48.76, 49.56, 48.94, 49.12, 51.54, 53.06, 53.9, 53.68]
54.47
