Running train Losses and accuracies 
[1.4290856602942597, 0.9656135299227808, 0.790836949401827, 0.6849223267294959, 0.6063568133810521, 0.549364723005698, 0.5017456016116051, 0.4645864743667879, 0.4251805095805627, 0.4010607842528066, 0.37373065270679423, 0.346751826515457, 0.32296063075558296, 0.30762254218514623, 0.2898059885713253, 0.27324603201838654, 0.2604015472172293, 0.2521476272464476, 0.24180204020025423, 0.23230360523819416, 0.22333691833347516, 0.21288688043721535, 0.21237786560880012, 0.19800712991513805, 0.19521025417328897, 0.19033657758567527, 0.18399498410133727, 0.18435568302107264, 0.17784820889488825, 0.18151037348732194]
[1.4290856602942597, 0.9656135299227808, 0.790836949401827, 0.6849223267294959, 0.6063568133810521, 0.549364723005698, 0.5017456016116051, 0.4645864743667879, 0.4251805095805627, 0.4010607842528066, 0.37373065270679423, 0.346751826515457, 0.32296063075558296, 0.30762254218514623, 0.2898059885713253, 0.27324603201838654, 0.2604015472172293, 0.2521476272464476, 0.24180204020025423, 0.23230360523819416, 0.22333691833347516, 0.21288688043721535, 0.21237786560880012, 0.19800712991513805, 0.19521025417328897, 0.19033657758567527, 0.18399498410133727, 0.18435568302107264, 0.17784820889488825, 0.18151037348732194]
Losses train valid test
[1.1151801290542587, 1.0811052065456515, 0.780497899992549, 0.6282724869340214, 0.5818912828633696, 0.49959076852845485, 0.5673219497211665, 0.40996234621468725, 0.3718245330438092, 0.3599234593803144, 0.27753585801534647, 0.32167733884294064, 0.2910150220523659, 0.2634534253139782, 0.24647415418895366, 0.21790431896469528, 0.21752233081381417, 0.18322942865709294, 0.19806752197428554, 0.1745094333595961, 0.1922163842325367, 0.1874389122670494, 0.15175077732283074, 0.1476194033182114, 0.15243189425393674, 0.1762794362051464, 0.16228167401387092, 0.16434820092798827, 0.11772578494893367, 0.1521398353429449]
[1.1257336139678955, 1.1062853321148332, 0.8218848031417579, 0.6709532335305669, 0.6408093245166122, 0.5532589942976168, 0.6599075283594192, 0.5055341366559837, 0.4819567318365073, 0.47774020198044503, 0.4142904038641863, 0.4684550448967393, 0.4558189852032692, 0.4415942543441323, 0.4380540524128896, 0.42670752468762124, 0.4289266865724211, 0.39121186529185364, 0.45593790282869034, 0.4143635250960186, 0.4562285982879104, 0.4505211323214944, 0.41113917562802127, 0.43180640134367215, 0.4232648376873724, 0.440277701374262, 0.48725363536245503, 0.49992092399840143, 0.38188581538807814, 0.4454628968341454]
0.47084231723468906
Accuracies train valid test
[59.48888888888889, 61.94444444444444, 73.13555555555556, 78.17333333333333, 79.91333333333333, 82.41333333333333, 81.06666666666666, 85.88888888888889, 87.16444444444444, 87.77111111111111, 90.49333333333334, 88.78888888888889, 89.91555555555556, 90.93111111111111, 91.46888888888888, 92.44666666666667, 92.42, 93.80444444444444, 93.24888888888889, 93.99333333333334, 93.04666666666667, 93.38, 94.86, 94.92444444444445, 94.80666666666667, 93.91555555555556, 94.43111111111111, 94.32666666666667, 96.06444444444445, 94.7311111111111]
[59.72, 62.16, 71.64, 76.74, 77.68, 80.54, 79.14, 82.56, 83.04, 84.2, 85.48, 84.22, 84.7, 85.26, 84.96, 85.94, 85.1, 86.98, 85.42, 86.36, 84.74, 85.8, 86.72, 86.88, 86.8, 86.42, 84.8, 84.72, 87.5, 86.16]
85.04
