Running train Losses and accuracies 
[1.4439776595681906, 0.9786646694622256, 0.7998627946627411, 0.708446219203655, 0.6362884463319047, 0.596112139057368, 0.5456391297788783, 0.5073775478469377, 0.4757813545663587, 0.44932394523427566, 0.4270285311663015, 0.40679660378108645, 0.3861362288325009, 0.37278922041878104, 0.35530485496432945, 0.3343221064265394, 0.3235772611700337, 0.3086958677105775, 0.3006466268138452, 0.29342921570324426, 0.28512079469774937, 0.27242152256340807, 0.2650811225493354, 0.26170239920876076, 0.25121805410493503, 0.24779285602165724, 0.23896363989280706, 0.2332960939648646, 0.2324244117851115, 0.23126538333864036, 0.216304874624422, 0.2163963516941294]
[1.4439776595681906, 0.9786646694622256, 0.7998627946627411, 0.708446219203655, 0.6362884463319047, 0.596112139057368, 0.5456391297788783, 0.5073775478469377, 0.4757813545663587, 0.44932394523427566, 0.4270285311663015, 0.40679660378108645, 0.3861362288325009, 0.37278922041878104, 0.35530485496432945, 0.3343221064265394, 0.3235772611700337, 0.3086958677105775, 0.3006466268138452, 0.29342921570324426, 0.28512079469774937, 0.27242152256340807, 0.2650811225493354, 0.26170239920876076, 0.25121805410493503, 0.24779285602165724, 0.23896363989280706, 0.2332960939648646, 0.2324244117851115, 0.23126538333864036, 0.216304874624422, 0.2163963516941294]
Losses train valid test
[1.1476408304985275, 0.9653215200047601, 0.9574024576524441, 0.7361604839732702, 0.6797037386250767, 0.6882588997567919, 0.6330942103046585, 0.587305349975147, 0.4368487186518244, 0.4664989398496056, 0.4019116151718084, 0.4922526859128001, 0.5065502537499097, 0.44517060012598947, 0.33006463370243594, 0.3150349397937217, 0.3183029179503633, 0.3373186578233303, 0.3200397361493246, 0.27817004594147543, 0.23195097427709366, 0.2530601432134228, 0.24856117307420142, 0.22907001372765412, 0.28153769282454794, 0.21983500581700355, 0.22643001647983593, 0.2097154901183041, 0.2331134832188995, 0.21418083482421935, 0.2099156238202175, 0.2144696629528136]
[1.1586731657197205, 0.9702672566039653, 0.9885364227657076, 0.7297710074654108, 0.7114217918884905, 0.7029155507872377, 0.6643909453591214, 0.6222529562213753, 0.4815572083373613, 0.5243652066852473, 0.4590324599154388, 0.5619105877755564, 0.5930796510811094, 0.5042559927022909, 0.42589447411555276, 0.40524271753015395, 0.42740893684610537, 0.4302797969194907, 0.4112423332054404, 0.38693737908254694, 0.3407302209282223, 0.36875769684586346, 0.3720733114058458, 0.3426935951921004, 0.4159141199875481, 0.3508516402938698, 0.35293213678877566, 0.34200625291353537, 0.3667837820852859, 0.3525287506135204, 0.3805240049392362, 0.3460837008926687]
0.37275213876347635
Accuracies train valid test
[59.43333333333333, 65.73333333333333, 66.78888888888889, 74.54444444444445, 77.31555555555556, 75.90666666666667, 78.04888888888888, 80.39333333333333, 84.70222222222222, 83.73555555555555, 86.16888888888889, 83.35111111111111, 82.59777777777778, 84.96, 88.41555555555556, 88.93111111111111, 88.74222222222222, 88.47555555555556, 88.86, 90.3, 91.99333333333334, 91.23333333333333, 91.47777777777777, 92.12222222222222, 90.21333333333334, 92.37333333333333, 92.13333333333334, 92.7911111111111, 91.76222222222222, 92.42888888888889, 92.80444444444444, 92.61111111111111]
[58.64, 65.52, 65.96, 74.8, 76.0, 74.84, 76.72, 79.56, 83.32, 81.76, 84.08, 81.78, 79.22, 82.82, 85.42, 86.4, 86.0, 85.88, 85.98, 87.36, 88.3, 87.32, 87.68, 88.08, 86.04, 88.04, 88.12, 88.06, 87.5, 87.78, 87.86, 88.52]
87.58
