Running train Losses and accuracies 
[2.549952706830068, 1.5697811591354283, 1.2151616220785812, 1.0185051272538574, 0.8916490946642377, 0.7831360977989706, 0.7138688807291064, 0.639150248925117, 0.5841732746498152, 0.5394261639395898, 0.4991042712195353, 0.46246211137622595, 0.43425817296586255, 0.4018373661674559, 0.36916135293854907, 0.34692744169892237, 0.3218882800587876, 0.3048828249289231, 0.282998888076029, 0.26033174917525187, 0.250735815169967, 0.24179417644204063, 0.2154702344401316, 0.2059953204906461, 0.19837348319759424, 0.1914902458136732, 0.17088486003393139, 0.15474916756449436, 0.14362100793302737, 0.14197355811484158]
[2.549952706830068, 1.5697811591354283, 1.2151616220785812, 1.0185051272538574, 0.8916490946642377, 0.7831360977989706, 0.7138688807291064, 0.639150248925117, 0.5841732746498152, 0.5394261639395898, 0.4991042712195353, 0.46246211137622595, 0.43425817296586255, 0.4018373661674559, 0.36916135293854907, 0.34692744169892237, 0.3218882800587876, 0.3048828249289231, 0.282998888076029, 0.26033174917525187, 0.250735815169967, 0.24179417644204063, 0.2154702344401316, 0.2059953204906461, 0.19837348319759424, 0.1914902458136732, 0.17088486003393139, 0.15474916756449436, 0.14362100793302737, 0.14197355811484158]
Losses train valid test
[1.5088563144884326, 0.9027222527021711, 0.8309939578175545, 0.5813015099106864, 0.5481851520016789, 0.4216083977371454, 0.37634021949700336, 0.35933416861702094, 0.37017296271567995, 0.4389949150129475, 0.3028109306892888, 0.22156626233746382, 0.21959818850948729, 0.39523135540498927, 0.1725170079153031, 0.19725231824188746, 0.1989727983547544, 0.15944459490393373, 0.12406299995597113, 0.16112332978412847, 0.24922047925859012, 0.08577315382320773, 0.10729949075770988, 0.111774001466322, 0.09492282366210764, 0.1231969299472191, 0.05184466273799031, 0.0528878553066699, 0.05627616645175625, 0.067628494852794]
[1.5415995806455611, 0.9355069011449814, 0.9263411656022071, 0.6471538543701172, 0.618332852423191, 0.5279923886060714, 0.4875384658575058, 0.48960735127329824, 0.49987021312117574, 0.6118578247725963, 0.4612202312797308, 0.39634561277925967, 0.4025566965341568, 0.5793411596212537, 0.3967449329793453, 0.40819821767508985, 0.4210031293332577, 0.41212804839015005, 0.38700074777007104, 0.43786758109927176, 0.5378075629472733, 0.3542634006589651, 0.39733715951442716, 0.3988918769173324, 0.39148410805501044, 0.4702399969100952, 0.3658733729273081, 0.3601703536041896, 0.3920708648860455, 0.4233283169567585]
0.40393938501424426
Accuracies train valid test
[52.00222222222222, 68.1511111111111, 71.3, 79.56888888888889, 80.98222222222222, 85.44, 87.18, 87.54444444444445, 87.21555555555555, 84.97777777777777, 89.61555555555556, 92.32, 92.16222222222223, 87.06444444444445, 93.92888888888889, 92.84222222222222, 92.89111111111112, 94.4, 95.67555555555556, 94.13555555555556, 91.67777777777778, 97.04444444444445, 96.22222222222223, 96.10888888888888, 96.64888888888889, 95.5, 98.28, 98.2, 98.0111111111111, 97.63777777777777]
[51.84, 67.84, 69.74, 77.96, 79.96, 82.68, 83.3, 83.6, 83.82, 81.24, 85.18, 86.96, 87.1, 82.44, 87.32, 86.98, 87.5, 87.6, 88.36, 87.84, 85.56, 89.26, 88.52, 88.56, 88.62, 87.86, 90.14, 89.7, 89.96, 89.92]
89.67
