Running train Losses and accuracies 
[1.8354675109413536, 1.354139150628312, 1.0560597359118136, 0.8940136878412556, 0.7867358863692392, 0.7170473625460132, 0.6680859854783524, 0.5978269627825781, 0.5798146368046715, 0.5216788970230316, 0.511329806748439, 0.47856009484861384, 0.4499387792099945, 0.4407633201388473, 0.4234931889117103, 0.4125507733234289, 0.40658067308620294, 0.39981561101211066, 0.4009000548182733, 0.4004074004161256, 0.3802592786854472, 0.3745434336385436, 0.4218965016982772, 0.36869304217609833, 0.371738020457666, 0.3693476738196544, 0.36073675009803, 0.3483723703327335, 0.37914123004090716, 0.34647796699375083, 0.3459926976938732, 0.3594069130168381, 0.3439464053689418, 0.35555123641494324, 0.35477723413020035, 0.34899328894574533, 0.35366962189701473, 0.33675255547065963, 0.3378799009793015, 0.3495718573103659, 0.34111334702042356, 0.344146202551201, 0.3474239885637706, 0.34594164741098543, 0.3491543419235809, 0.34242530101486907, 0.33891394557113846, 0.3318186280266673, 0.3367708993080834, 0.34275124090808357]
[1.8354675109413536, 1.354139150628312, 1.0560597359118136, 0.8940136878412556, 0.7867358863692392, 0.7170473625460132, 0.6680859854783524, 0.5978269627825781, 0.5798146368046715, 0.5216788970230316, 0.511329806748439, 0.47856009484861384, 0.4499387792099945, 0.4407633201388473, 0.4234931889117103, 0.4125507733234289, 0.40658067308620294, 0.39981561101211066, 0.4009000548182733, 0.4004074004161256, 0.3802592786854472, 0.3745434336385436, 0.4218965016982772, 0.36869304217609833, 0.371738020457666, 0.3693476738196544, 0.36073675009803, 0.3483723703327335, 0.37914123004090716, 0.34647796699375083, 0.3459926976938732, 0.3594069130168381, 0.3439464053689418, 0.35555123641494324, 0.35477723413020035, 0.34899328894574533, 0.35366962189701473, 0.33675255547065963, 0.3378799009793015, 0.3495718573103659, 0.34111334702042356, 0.344146202551201, 0.3474239885637706, 0.34594164741098543, 0.3491543419235809, 0.34242530101486907, 0.33891394557113846, 0.3318186280266673, 0.3367708993080834, 0.34275124090808357]
Losses train valid test
[1.4969620733437212, 1.083652062849565, 0.9934787597845901, 0.7353506060740487, 0.7411732137287882, 0.7029184821823781, 0.515653261703185, 0.5132780169687149, 0.4238351652060043, 0.39950943990102544, 0.33750987937673926, 0.43541858925230126, 0.2936839808773419, 0.4173564281081781, 0.36953485052270646, 0.36772182528776204, 0.21568800922779535, 0.2829522366572002, 0.3390060342763635, 0.27383275429548865, 0.18848317779007961, 0.4932754817524586, 0.22603601750134575, 0.19674808603700844, 0.25207344738935883, 0.21155214580622586, 0.16173315287662923, 0.2233182488231581, 0.20507664731915362, 0.21334671768867833, 0.2011745777563192, 0.21508677608587526, 0.1746094652811404, 0.191865510111463, 0.31007533448494295, 0.18133893542901866, 0.22275508943924002, 0.20182104338891804, 0.2560789802916009, 0.20610969730610537, 0.21967983469155364, 0.19154644314072689, 0.22708603911715644, 0.5101864956403998, 0.19541260973677377, 0.24307003483938222, 0.22536527318879962, 0.16431185490430586, 0.1740891203226056, 0.14279049651403594]
[1.5101469408107708, 1.0985933549796478, 1.0502428880220727, 0.8231950922857357, 0.8792894241176074, 0.893777401386937, 0.7196542937544328, 0.793435705990731, 0.7056891439081747, 0.7051885188380375, 0.6815524836884269, 0.7561202520811106, 0.7632278369951851, 0.8117572770843023, 0.7881016372879849, 0.8245282195791414, 0.7210825972164734, 0.7776584278179121, 0.8471803265281871, 0.7565061831021611, 0.6852092759895928, 1.0854605511773991, 0.7069163850591152, 0.8200102950198741, 0.8124719190446636, 0.7417538499907602, 0.6857824891428405, 0.8064822448959833, 0.7114021287688727, 0.7299628814187231, 0.7920438617090636, 0.7953570681282237, 0.7138133927991118, 0.7551775178577327, 0.7584258283995375, 0.8216828873640374, 0.7943793838914437, 0.8861886847622787, 0.9061139938952048, 0.8183999435056614, 0.7716442618188979, 0.8605760603765898, 0.7357748886452445, 1.0908532802817188, 0.8130721563025366, 0.8644002600561215, 0.805952205310894, 0.7870694081994551, 0.7903065349482283, 0.7269469261923923]
0.7911170946944291
Accuracies train valid test
[46.16222222222222, 61.92444444444445, 66.39777777777778, 74.70666666666666, 75.18, 76.17555555555556, 83.01333333333334, 81.93333333333334, 85.76, 87.62444444444445, 89.10666666666667, 86.84444444444445, 90.20666666666666, 87.45555555555555, 87.91555555555556, 87.97777777777777, 93.06222222222222, 91.01555555555555, 88.47777777777777, 92.30444444444444, 94.53111111111112, 85.41777777777777, 92.87555555555555, 93.46666666666667, 91.89111111111112, 94.05777777777777, 95.16444444444444, 93.32666666666667, 94.11777777777777, 93.34, 93.74888888888889, 93.27555555555556, 94.89777777777778, 94.08444444444444, 91.98444444444445, 94.25777777777778, 93.34222222222222, 93.45111111111112, 91.82666666666667, 93.59333333333333, 94.03111111111112, 93.89111111111112, 93.09777777777778, 83.83333333333333, 93.97111111111111, 92.7311111111111, 92.97777777777777, 94.71333333333334, 94.55111111111111, 95.83777777777777]
[45.92, 61.64, 64.76, 72.14, 71.52, 71.4, 75.94, 73.56, 77.92, 76.92, 77.12, 74.8, 76.48, 74.5, 73.48, 74.64, 78.14, 74.1, 73.14, 76.46, 78.16, 69.76, 77.04, 76.64, 75.46, 75.84, 78.12, 75.4, 77.02, 77.08, 77.12, 75.54, 77.38, 77.22, 74.6, 75.98, 74.16, 74.9, 73.64, 75.44, 75.84, 76.08, 76.72, 68.94, 76.28, 73.36, 75.04, 77.32, 76.52, 77.74]
76.42
