Running train Losses and accuracies 
[2.432949744672938, 1.5337543296204372, 1.1777863548221914, 0.9692802296697416, 0.8416295631958003, 0.7440035983242772, 0.6493029448796402, 0.5848984601060775, 0.5288006537170573, 0.48171866653402423, 0.4269163868263025, 0.38775545111010695, 0.3557781183414839, 0.32746327069418674, 0.29748104325368663, 0.2595383277194659, 0.2482181811726398, 0.21987051871308888, 0.19211622102672912, 0.1887701733820987, 0.17134271386418154, 0.14436641315908424, 0.14127648791128938, 0.11752776693108237, 0.12775407775453376, 0.09046026691794395, 0.08585792868292298, 0.08150489586246708, 0.06810108296816576, 0.07746257395377722]
[2.432949744672938, 1.5337543296204372, 1.1777863548221914, 0.9692802296697416, 0.8416295631958003, 0.7440035983242772, 0.6493029448796402, 0.5848984601060775, 0.5288006537170573, 0.48171866653402423, 0.4269163868263025, 0.38775545111010695, 0.3557781183414839, 0.32746327069418674, 0.29748104325368663, 0.2595383277194659, 0.2482181811726398, 0.21987051871308888, 0.19211622102672912, 0.1887701733820987, 0.17134271386418154, 0.14436641315908424, 0.14127648791128938, 0.11752776693108237, 0.12775407775453376, 0.09046026691794395, 0.08585792868292298, 0.08150489586246708, 0.06810108296816576, 0.07746257395377722]
Losses train valid test
[1.310030377723954, 0.9424580911343748, 0.7441121338527988, 0.5478466711303388, 0.4469581919044934, 0.3863960365150971, 0.3762219732479108, 0.3301444062896983, 0.3609787658894096, 0.2609743749754588, 0.194847445638681, 0.16183782245603984, 0.13160995538187722, 0.15366034557122144, 0.1191790621325543, 0.15062762039385483, 0.09814254847879056, 0.07588265214409065, 0.05536255824600547, 0.10133869794398462, 0.06795425421825546, 0.085489800765572, 0.061623988916174065, 0.0745999546692143, 0.03549989034747176, 0.028487447544813967, 0.020822015691671615, 0.025777862842832375, 0.013299500458226083, 0.0441513538121812]
[1.355227132386799, 1.0010781491859049, 0.8026351985297625, 0.6469039837770825, 0.5701095412803602, 0.509867566295817, 0.5108906245684322, 0.48936956894548633, 0.5284708236591725, 0.46577951651585253, 0.4070811401816863, 0.40075409959388686, 0.37524223610570157, 0.42864218184465097, 0.4039548105454143, 0.48311124751462214, 0.4388433766515949, 0.40292615432637047, 0.3869177362869812, 0.4750960342868974, 0.43518606809121146, 0.4604825343040726, 0.4489888064740108, 0.5178943962990483, 0.4408280830240891, 0.43882676500007745, 0.40314126580576354, 0.4854574625062037, 0.4446432979989655, 0.5450848881862586]
0.5398325657199143
Accuracies train valid test
[53.797777777777775, 66.2, 74.7911111111111, 81.1, 84.39111111111112, 86.41111111111111, 86.79777777777778, 88.31555555555556, 87.07555555555555, 90.77777777777777, 93.16888888888889, 94.50222222222222, 95.34222222222222, 94.61333333333333, 95.88666666666667, 94.92888888888889, 96.52666666666667, 97.35555555555555, 98.11555555555556, 96.36888888888889, 97.63777777777777, 96.86222222222223, 97.72666666666667, 97.38222222222223, 98.77111111111111, 99.04, 99.33111111111111, 99.07111111111111, 99.58666666666667, 98.41777777777777]
[52.32, 64.68, 73.14, 77.86, 80.78, 82.76, 82.86, 82.9, 82.32, 85.56, 86.84, 86.86, 88.08, 86.84, 88.04, 86.84, 87.6, 88.48, 89.14, 86.9, 88.56, 88.22, 89.36, 87.66, 88.98, 89.38, 89.94, 89.88, 89.86, 87.96]
88.49
