Running train Losses and accuracies 
[2.489618832584132, 1.6139514304020188, 1.2142217580059713, 0.9889914307912643, 0.8394686885770749, 0.7166126773861999, 0.6174713376147504, 0.5375319697089832, 0.4583121684845537, 0.39123050388033415]
[2.489618832584132, 1.6139514304020188, 1.2142217580059713, 0.9889914307912643, 0.8394686885770749, 0.7166126773861999, 0.6174713376147504, 0.5375319697089832, 0.4583121684845537, 0.39123050388033415]
Losses train valid test
[1.3000378989699213, 0.8997283935208212, 0.7129341201772067, 0.506049189991741, 0.5674981061707843, 0.3709565398748964, 0.374764687191187, 0.254094926296437, 0.1762657258447937, 0.14574088287455114]
[1.3184153052824963, 0.9515064283262326, 0.775351877453961, 0.5837575770631621, 0.7012533139956149, 0.5311882678843751, 0.5704772047981431, 0.49731811749029764, 0.4404465910106237, 0.4765137360443043]
0.4925981171571525
Accuracies train valid test
[53.004444444444445, 68.86888888888889, 75.06, 82.29777777777778, 80.16444444444444, 87.10222222222222, 86.65333333333334, 91.17111111111112, 94.0111111111111, 94.88888888888889]
[52.46, 67.64, 73.18, 79.44, 76.58, 82.3, 81.4, 84.14, 85.38, 85.26]
84.84
