Running train Losses and accuracies 
[3.030049330470237, 2.2773204000497405, 1.8430555852299386, 1.5620622001588345, 1.3620712754570625, 1.2104343628849497, 1.0809410455721347, 0.981476016596637, 0.8907954284328629, 0.8065561236475002, 0.7378385906446386, 0.6647785624319856, 0.6076822352637961, 0.5490110519934784, 0.49469500028697605, 0.46138332659293985, 0.4045835750558498, 0.39568285072561016, 0.35676940997258166, 0.3254610283871774, 0.32704452255910094, 0.35725867848801, 0.26372953395316884, 0.26397733068601653, 0.2337873066743751, 0.23545977480138058, 0.23680720188316295, 0.2083970934247852, 0.2151321048202755, 0.22579007495766168]
[3.030049330470237, 2.2773204000497405, 1.8430555852299386, 1.5620622001588345, 1.3620712754570625, 1.2104343628849497, 1.0809410455721347, 0.981476016596637, 0.8907954284328629, 0.8065561236475002, 0.7378385906446386, 0.6647785624319856, 0.6076822352637961, 0.5490110519934784, 0.49469500028697605, 0.46138332659293985, 0.4045835750558498, 0.39568285072561016, 0.35676940997258166, 0.3254610283871774, 0.32704452255910094, 0.35725867848801, 0.26372953395316884, 0.26397733068601653, 0.2337873066743751, 0.23545977480138058, 0.23680720188316295, 0.2083970934247852, 0.2151321048202755, 0.22579007495766168]
Losses train valid test
[1.5249569846147841, 1.253412373279306, 0.9420477728444067, 1.2234295662492514, 0.7240993762388825, 0.7338986217721619, 0.6305727737648836, 0.5089821947145868, 0.37817834794986993, 0.3147374176081609, 0.27073617634067143, 0.31880990303629503, 0.27759283589495515, 0.23539463214745576, 0.17383459167533807, 0.36011052724312653, 0.29839459158459003, 0.1792633669048717, 0.08276211758129648, 0.07467145560870202, 0.30620452997655695, 0.05968253818520514, 0.07356953330001788, 0.06392486213967045, 0.05125413492069955, 0.043049906021141476, 0.06172585980311851, 0.10252066196329163, 0.2221323128780403, 0.024243685214948775]
[1.531264041043535, 1.2642940878868103, 0.9789647052559671, 1.2706515253344668, 0.7838145800029175, 0.8191316591787942, 0.7496877776671059, 0.6344371679462965, 0.5401227892954138, 0.5137090705618074, 0.5118719222424906, 0.5752558649718007, 0.5353590614056285, 0.5599933822132364, 0.5581998843935472, 0.8653882557078253, 0.7766881122053424, 0.7169553122565716, 0.5950766381206392, 0.6037880827354479, 0.8607361704771277, 0.6769121838144109, 0.6511625958771645, 0.6867464968486677, 0.7115699629994887, 0.6453633168830147, 0.7444849606556229, 0.9352875324437702, 0.9546869385846054, 0.6687876675513726]
0.6713601436204971
Accuracies train valid test
[42.85333333333333, 55.34444444444444, 65.79777777777778, 57.715555555555554, 74.17555555555556, 74.40444444444445, 77.77333333333333, 82.05777777777777, 87.1511111111111, 89.15777777777778, 90.57555555555555, 88.93555555555555, 89.85777777777778, 91.65777777777778, 93.78666666666666, 88.28222222222222, 90.41777777777777, 93.80888888888889, 97.20666666666666, 97.39111111111112, 90.31777777777778, 97.80444444444444, 97.49777777777778, 97.86444444444444, 98.25333333333333, 98.50666666666666, 97.87333333333333, 96.60222222222222, 93.63111111111111, 99.16]
[41.96, 54.44, 63.82, 56.24, 71.76, 71.78, 73.6, 77.84, 81.28, 82.7, 82.72, 81.92, 82.14, 82.9, 83.36, 78.7, 79.82, 82.54, 84.44, 84.62, 78.98, 84.86, 84.64, 84.8, 85.26, 85.56, 84.24, 83.26, 81.08, 86.34]
86.22
