Running train Losses and accuracies 
[1.6030355600405857, 1.212697862011368, 0.9952940616780507, 0.8544439810044222, 0.7325259408335696, 0.6372134616147057, 0.5620931375297825, 0.49464750295212356, 0.4380706881080948, 0.38102550627220244, 0.3375071865038492, 0.2893287999344978, 0.2548593468302179, 0.21225079968200988, 0.18585773445957082, 0.15817831604865293, 0.13385891852014736, 0.11217302676586814, 0.0936908632081317, 0.08366621901031635, 0.07423472949836533, 0.06375057602750685, 0.05890321267676734, 0.05235017033448733, 0.045424779075811474, 0.03910148144430231, 0.03385173138108584, 0.03365526772378901, 0.027574864917474632, 0.02822220170642557]
[1.6030355600405857, 1.212697862011368, 0.9952940616780507, 0.8544439810044222, 0.7325259408335696, 0.6372134616147057, 0.5620931375297825, 0.49464750295212356, 0.4380706881080948, 0.38102550627220244, 0.3375071865038492, 0.2893287999344978, 0.2548593468302179, 0.21225079968200988, 0.18585773445957082, 0.15817831604865293, 0.13385891852014736, 0.11217302676586814, 0.0936908632081317, 0.08366621901031635, 0.07423472949836533, 0.06375057602750685, 0.05890321267676734, 0.05235017033448733, 0.045424779075811474, 0.03910148144430231, 0.03385173138108584, 0.03365526772378901, 0.027574864917474632, 0.02822220170642557]
Losses train valid test
[1.3148432994193868, 1.061540167723129, 0.8439671191113505, 0.73956144497847, 0.6519270377775076, 0.5625102301290379, 0.5440864650467735, 0.469827235285153, 0.36380715811705877, 0.4252815208534823, 0.33596018166430214, 0.24551105866633627, 0.1856755498325414, 0.16946110387902652, 0.20203238232531232, 0.09260707465016998, 0.0869089259892469, 0.09994679440889181, 0.0859300586733869, 0.06774912852057215, 0.05199339705722588, 0.03358422538178543, 0.05808819448745822, 0.058048621603428746, 0.027843890679768845, 0.0213616904789382, 0.016941766061550522, 0.022360750680844622, 0.008392783945211054, 0.019719716850424937]
[1.3143929618938712, 1.0771502757528026, 0.8835744518003646, 0.825555220910698, 0.7399476969697673, 0.6841813510010957, 0.7103557857168707, 0.6808762233348409, 0.6133950597541348, 0.7418027210767102, 0.6730556829719786, 0.617685512087907, 0.6154497793525647, 0.6306864082053968, 0.7344124767051381, 0.6245089722856595, 0.6352883429758868, 0.7331183118994828, 0.6892412720592158, 0.7239008849593485, 0.6989003738779931, 0.6618839697853015, 0.7664549373517371, 0.8053654318402528, 0.7109569109216997, 0.7088694243223235, 0.7334609141893638, 0.744401456301759, 0.6840259110092357, 0.7364278573329281]
0.7697742572441079
Accuracies train valid test
[52.388888888888886, 61.577777777777776, 70.25111111111111, 74.08888888888889, 77.22666666666667, 80.36888888888889, 81.20444444444445, 83.61111111111111, 87.45333333333333, 85.15555555555555, 88.39111111111112, 91.67333333333333, 93.97333333333333, 94.52666666666667, 92.88222222222223, 97.19555555555556, 97.27333333333333, 96.67555555555556, 97.14444444444445, 97.8, 98.50666666666666, 99.11777777777777, 98.04222222222222, 98.08444444444444, 99.18444444444444, 99.43555555555555, 99.58666666666667, 99.33333333333333, 99.86888888888889, 99.46222222222222]
[53.96, 60.96, 69.6, 71.86, 75.08, 76.36, 75.94, 76.86, 79.48, 76.78, 78.1, 79.84, 81.04, 80.8, 79.78, 82.42, 82.52, 80.68, 81.04, 81.48, 81.98, 83.34, 81.54, 81.28, 82.98, 83.48, 82.74, 82.44, 83.66, 83.22]
81.97
