Running train Losses and accuracies 
[6.342770171436396, 5.054557426409288, 4.220621608875015, 3.6008581143211233, 3.1736051055856724, 2.831509533253583, 2.5562885828654873, 2.3330206180160697, 2.1147133730013263, 1.9118404230949553]
[6.342770171436396, 5.054557426409288, 4.220621608875015, 3.6008581143211233, 3.1736051055856724, 2.831509533253583, 2.5562885828654873, 2.3330206180160697, 2.1147133730013263, 1.9118404230949553]
Losses train valid test
[3.516843057491563, 2.8591518618843774, 2.317799027501182, 2.0689179609445008, 1.625048823315989, 1.3806210545484314, 1.3154569328339263, 1.0800475103949958, 1.0039570675316183, 0.991554019168358]
[3.561645320699185, 2.927628148960162, 2.4586105603206008, 2.27116986920562, 1.9124172126190573, 1.7503361053104642, 1.7831277862379822, 1.6269012191627599, 1.681408655794361, 1.7692105724841733]
1.7254658793188205
Accuracies train valid test
[15.58, 27.56, 38.16, 44.07333333333333, 53.86888888888889, 60.18888888888889, 61.995555555555555, 67.7688888888889, 70.04888888888888, 69.69555555555556]
[14.84, 26.1, 34.74, 39.7, 48.14, 51.74, 51.68, 55.74, 54.94, 55.28]
54.79
