Running train Losses and accuracies 
[1.6177305935034112, 1.2380911931130762, 1.0236913932073006, 0.8688508802766739, 0.7466008873933075, 0.6555207493822881, 0.5729892433918192, 0.5065352654914612, 0.44499219558979486, 0.3904565368284549, 0.3417020616543234, 0.29373965653052714, 0.25588231891732566, 0.21786974654046457, 0.18615658084352918, 0.15661811209055407, 0.1348193156286047, 0.12027731939869607, 0.10061045787969039, 0.08965642732953985]
[1.6177305935034112, 1.2380911931130762, 1.0236913932073006, 0.8688508802766739, 0.7466008873933075, 0.6555207493822881, 0.5729892433918192, 0.5065352654914612, 0.44499219558979486, 0.3904565368284549, 0.3417020616543234, 0.29373965653052714, 0.25588231891732566, 0.21786974654046457, 0.18615658084352918, 0.15661811209055407, 0.1348193156286047, 0.12027731939869607, 0.10061045787969039, 0.08965642732953985]
Losses train valid test
[1.4408820375704816, 1.1287532343284916, 0.9498962423186312, 0.8212547280429184, 0.6735160007871629, 0.7952869266335135, 0.5380761734426402, 0.446498627426909, 0.37778277539495214, 0.3386064555016747, 0.2748014280001958, 0.32438810074115443, 0.32215121012199577, 0.2028466287216631, 0.21132710331146737, 0.11633296705935979, 0.14320813983284314, 0.1754937535171697, 0.10498608602574935, 0.06125433063554871]
[1.4545008938783293, 1.1689392240943424, 1.0082206095859503, 0.8979227178415675, 0.7712378845473004, 0.931236707291026, 0.7189707573811719, 0.6778363114709307, 0.6229979019066331, 0.631696100447588, 0.6300986085537892, 0.7039238119580943, 0.7641168517671573, 0.6702749069519104, 0.7494911355957105, 0.613492668529225, 0.7195512336340679, 0.7644657778796876, 0.7511851067186162, 0.6732683508259476]
0.6880545855139772
Accuracies train valid test
[48.41777777777778, 59.38, 66.02444444444444, 70.87777777777778, 76.72666666666667, 70.98444444444445, 80.9888888888889, 84.53777777777778, 86.84666666666666, 88.46222222222222, 90.65333333333334, 89.06, 88.83111111111111, 92.67777777777778, 92.14, 96.23333333333333, 94.95111111111112, 93.83333333333333, 96.49111111111111, 98.12444444444445]
[48.28, 58.1, 64.68, 67.98, 72.98, 66.8, 75.74, 76.4, 78.72, 78.4, 79.58, 78.22, 76.74, 79.52, 77.88, 80.86, 79.52, 79.14, 80.06, 81.78]
81.32
